351
579
305
0	0	0
1	1	0
2	2	0
3	3	0
4	4	0
5	5	0
6	6	0
7	7	0
8	8	0
9	9	0
10	10	0
11	19.5	16.4545
12	12	0
13	13	0
14	14	0
15	18.5	16.4545
16	16	0
17	17	0
18	18	0
19	19	0
20	0.5	0.866025
21	1.5	0.866025
22	17.5	16.4545
23	3.5	0.866025
24	4.5	0.866025
25	5.5	0.866025
26	6.5	0.866025
27	7.5	0.866025
28	8.5	0.866025
29	9.5	0.866025
30	10.5	0.866025
31	11.5	0.866025
32	12.5	0.866025
33	13.5	0.866025
34	14.5	0.866025
35	15.5	0.866025
36	16.5	0.866025
37	17.5	0.866025
38	18.5	0.866025
39	19.5	0.866025
40	0	1.73205
41	1	1.73205
42	2	1.73205
43	3	1.73205
44	4	1.73205
45	5	1.73205
46	6	1.73205
47	7	1.73205
48	8	1.73205
49	9	1.73205
50	10	1.73205
51	11	1.73205
52	12	1.73205
53	16.5	16.4545
54	14	1.73205
55	15	1.73205
56	16	1.73205
57	17	1.73205
58	18	1.73205
59	19	1.73205
60	15.5	16.4545
61	1.5	2.59808
62	2.5	2.59808
63	3.5	2.59808
64	4.5	2.59808
65	14.5	16.4545
66	6.5	2.59808
67	7.5	2.59808
68	8.5	2.59808
69	9.5	2.59808
70	10.5	2.59808
71	11.5	2.59808
72	12.5	2.59808
73	13.5	2.59808
74	14.5	2.59808
75	15.5	2.59808
76	16.5	2.59808
77	17.5	2.59808
78	18.5	2.59808
79	13.5	16.4545
80	12.5	16.4545
81	1	3.4641
82	2	3.4641
83	3	3.4641
84	4	3.4641
85	5	3.4641
86	6	3.4641
87	7	3.4641
88	8	3.4641
89	9	3.4641
90	10	3.4641
91	11.5	16.4545
92	12	3.4641
93	13	3.4641
94	14	3.4641
95	15	3.4641
96	16	3.4641
97	17	3.4641
98	18	3.4641
99	10.5	16.4545
100	0.5	4.33013
101	1.5	4.33013
102	2.5	4.33013
103	3.5	4.33013
104	4.5	4.33013
105	5.5	4.33013
106	6.5	4.33013
107	7.5	4.33013
108	8.5	4.33013
109	9.5	4.33013
110	9.5	16.4545
111	11.5	4.33013
112	12.5	4.33013
113	13.5	4.33013
114	14.5	4.33013
115	15.5	4.33013
116	16.5	4.33013
117	17.5	4.33013
118	8.5	16.4545
119	7.5	16.4545
120	0	5.19615
121	1	5.19615
122	2	5.19615
123	3	5.19615
124	4	5.19615
125	5	5.19615
126	6	5.19615
127	7	5.19615
128	8	5.19615
129	9	5.19615
130	10	5.19615
131	6.5	16.4545
132	12	5.19615
133	13	5.19615
134	14	5.19615
135	15	5.19615
136	16	5.19615
137	17	5.19615
138	5.5	16.4545
139	19	5.19615
140	0.5	6.06218
141	1.5	6.06218
142	2.5	6.06218
143	3.5	6.06218
144	4.5	6.06218
145	5.5	6.06218
146	6.5	6.06218
147	7.5	6.06218
148	8.5	6.06218
149	9.5	6.06218
150	10.5	6.06218
151	11.5	6.06218
152	12.5	6.06218
153	13.5	6.06218
154	14.5	6.06218
155	15.5	6.06218
156	16.5	6.06218
157	4.5	16.4545
158	18.5	6.06218
159	19.5	6.06218
160	0	6.9282
161	1	6.9282
162	2	6.9282
163	3	6.9282
164	4	6.9282
165	5	6.9282
166	2.5	16.4545
167	7	6.9282
168	8	6.9282
169	9	6.9282
170	10	6.9282
171	11	6.9282
172	12	6.9282
173	13	6.9282
174	14	6.9282
175	15	6.9282
176	1.5	16.4545
177	17	6.9282
178	0.5	16.4545
179	19	6.9282
180	0.5	7.79423
181	1.5	7.79423
182	2.5	7.79423
183	3.5	7.79423
184	19	15.5885
185	5.5	7.79423
186	18	15.5885
187	7.5	7.79423
188	8.5	7.79423
189	9.5	7.79423
190	10.5	7.79423
191	11.5	7.79423
192	12.5	7.79423
193	13.5	7.79423
194	14.5	7.79423
195	15.5	7.79423
196	16.5	7.79423
197	17.5	7.79423
198	18.5	7.79423
199	19.5	7.79423
200	0	8.66025
201	1	8.66025
202	17	15.5885
203	3	8.66025
204	4	8.66025
205	5	8.66025
206	16	15.5885
207	15	15.5885
208	8	8.66025
209	9	8.66025
210	10	8.66025
211	11	8.66025
212	12	8.66025
213	13	8.66025
214	14	8.66025
215	15	8.66025
216	16	8.66025
217	17	8.66025
218	14	15.5885
219	19	8.66025
220	0.5	9.52628
221	1.5	9.52628
222	2.5	9.52628
223	11	15.5885
224	4.5	9.52628
225	5.5	9.52628
226	10	15.5885
227	7.5	9.52628
228	8.5	9.52628
229	9.5	9.52628
230	10.5	9.52628
231	11.5	9.52628
232	12.5	9.52628
233	13.5	9.52628
234	14.5	9.52628
235	15.5	9.52628
236	16.5	9.52628
237	17.5	9.52628
238	18.5	9.52628
239	19.5	9.52628
240	0	10.3923
241	6	15.5885
242	2	10.3923
243	5	15.5885
244	4	15.5885
245	5	10.3923
246	6	10.3923
247	3	15.5885
248	8	10.3923
249	9	10.3923
250	10	10.3923
251	11	10.3923
252	12	10.3923
253	13	10.3923
254	14	10.3923
255	15	10.3923
256	16	10.3923
257	17	10.3923
258	18	10.3923
259	19	10.3923
260	0.5	11.2583
261	1.5	11.2583
262	2.5	11.2583
263	2	15.5885
264	4.5	11.2583
265	5.5	11.2583
266	6.5	11.2583
267	7.5	11.2583
268	8.5	11.2583
269	1	15.5885
270	10.5	11.2583
271	11.5	11.2583
272	12.5	11.2583
273	13.5	11.2583
274	14.5	11.2583
275	15.5	11.2583
276	16.5	11.2583
277	19.5	14.7224
278	18.5	11.2583
279	19.5	11.2583
280	0	12.1244
281	1	12.1244
282	2	12.1244
283	3	12.1244
284	4	12.1244
285	17.5	14.7224
286	6	12.1244
287	7	12.1244
288	8	12.1244
289	9	12.1244
290	10	12.1244
291	11	12.1244
292	16.5	14.7224
293	13	12.1244
294	14	12.1244
295	15	12.1244
296	16	12.1244
297	17	12.1244
298	18	12.1244
299	19	12.1244
300	0.5	12.9904
301	15.5	14.7224
302	2.5	12.9904
303	3.5	12.9904
304	4.5	12.9904
305	14.5	14.7224
306	6.5	12.9904
307	13.5	14.7224
308	8.5	12.9904
309	9.5	12.9904
310	10.5	12.9904
311	12.5	14.7224
312	12.5	12.9904
313	13.5	12.9904
314	14.5	12.9904
315	15.5	12.9904
316	16.5	12.9904
317	17.5	12.9904
318	18.5	12.9904
319	19.5	12.9904
320	0	13.8564
321	1	13.8564
322	2	13.8564
323	3	13.8564
324	4	13.8564
325	5	13.8564
326	6	13.8564
327	7	13.8564
328	8	13.8564
329	9	13.8564
330	10	13.8564
331	11.5	14.7224
332	12	13.8564
333	13	13.8564
334	14	13.8564
335	15	13.8564
336	16	13.8564
337	17	13.8564
338	18	13.8564
339	19	13.8564
340	0.5	14.7224
341	1.5	14.7224
342	2.5	14.7224
343	3.5	14.7224
344	4.5	14.7224
345	5.5	14.7224
346	6.5	14.7224
347	7.5	14.7224
348	8.5	14.7224
349	9.5	14.7224
350	10.5	14.7224
0	1	0	0
0	20	0	0
1	21	0	0
1	2	0	0
1	176	0	-1
2	21	0	0
2	3	0	0
2	166	0	-1
2	176	0	-1
3	23	0	0
3	4	0	0
4	23	0	0
4	5	0	0
4	157	0	-1
4	24	0	0
5	138	0	-1
6	138	0	-1
6	25	0	0
6	7	0	0
6	131	0	-1
7	26	0	0
7	8	0	0
8	27	0	0
8	28	0	0
8	118	0	-1
8	119	0	-1
9	118	0	-1
9	29	0	0
9	110	0	-1
10	110	0	-1
10	29	0	0
10	30	0	0
10	99	0	-1
11	19	0	1
11	15	0	0
12	91	0	-1
12	80	0	-1
12	13	0	0
13	33	0	0
13	14	0	0
14	34	0	0
14	79	0	-1
14	65	0	-1
15	22	0	0
15	19	0	1
15	184	0	0
16	36	0	0
16	35	0	0
16	17	0	0
16	60	0	-1
17	36	0	0
17	18	0	0
17	22	0	-1
18	38	0	0
19	39	0	0
20	41	0	0
20	39	-1	0
20	40	0	0
21	42	0	0
22	53	0	0
22	186	0	0
22	202	0	0
23	44	0	0
24	44	0	0
25	46	0	0
25	26	0	0
26	27	0	0
26	46	0	0
27	28	0	0
27	47	0	0
28	48	0	0
29	50	0	0
29	30	0	0
30	31	0	0
30	51	0	0
31	32	0	0
32	52	0	0
33	34	0	0
34	35	0	0
34	55	0	0
34	54	0	0
35	56	0	0
35	55	0	0
36	57	0	0
36	37	0	0
36	56	0	0
37	38	0	0
37	58	0	0
37	57	0	0
39	40	1	0
40	59	-1	0
41	61	0	0
42	62	0	0
43	63	0	0
43	62	0	0
44	64	0	0
44	63	0	0
44	45	0	0
45	64	0	0
46	66	0	0
46	47	0	0
47	66	0	0
47	67	0	0
48	49	0	0
49	68	0	0
49	50	0	0
49	69	0	0
51	70	0	0
52	71	0	0
52	72	0	0
53	202	0	0
54	74	0	0
54	73	0	0
54	55	0	0
55	74	0	0
55	56	0	0
56	75	0	0
56	76	0	0
57	77	0	0
57	58	0	0
58	78	0	0
58	59	0	0
60	65	0	0
60	207	0	0
60	206	0	0
61	62	0	0
61	81	0	0
62	63	0	0
62	83	0	0
63	84	0	0
63	83	0	0
65	79	0	0
65	207	0	0
66	67	0	0
68	89	0	0
68	69	0	0
69	70	0	0
69	89	0	0
70	71	0	0
70	90	0	0
71	72	0	0
71	92	0	0
72	73	0	0
72	92	0	0
73	74	0	0
73	94	0	0
73	93	0	0
74	75	0	0
74	94	0	0
74	95	0	0
75	76	0	0
75	96	0	0
76	96	0	0
77	97	0	0
77	78	0	0
77	98	0	0
79	80	0	0
79	218	0	0
81	100	0	0
81	82	0	0
82	101	0	0
82	83	0	0
82	102	0	0
83	103	0	0
83	84	0	0
84	104	0	0
85	105	0	0
85	104	0	0
85	86	0	0
86	106	0	0
86	87	0	0
87	106	0	0
87	88	0	0
87	107	0	0
88	107	0	0
88	89	0	0
88	108	0	0
90	109	0	0
91	99	0	0
91	223	0	0
92	111	0	0
92	93	0	0
93	113	0	0
93	94	0	0
95	114	0	0
95	96	0	0
95	115	0	0
96	115	0	0
97	116	0	0
98	117	0	0
99	110	0	0
99	223	0	0
100	120	0	0
100	121	0	0
101	122	0	0
102	103	0	0
103	104	0	0
103	124	0	0
104	125	0	0
105	125	0	0
105	126	0	0
106	127	0	0
106	126	0	0
107	128	0	0
107	108	0	0
107	127	0	0
109	130	0	0
110	226	0	0
111	112	0	0
112	113	0	0
112	132	0	0
113	114	0	0
113	134	0	0
113	133	0	0
114	135	0	0
115	135	0	0
115	116	0	0
116	117	0	0
116	136	0	0
117	137	0	0
118	119	0	0
119	131	0	0
120	140	0	0
120	139	-1	0
121	140	0	0
122	141	0	0
122	142	0	0
123	143	0	0
123	142	0	0
123	124	0	0
124	143	0	0
125	144	0	0
126	145	0	0
126	127	0	0
127	146	0	0
128	147	0	0
128	129	0	0
128	148	0	0
129	148	0	0
129	130	0	0
129	149	0	0
131	138	0	0
131	241	0	0
132	152	0	0
133	153	0	0
133	134	0	0
134	153	0	0
134	135	0	0
134	154	0	0
135	155	0	0
136	156	0	0
136	155	0	0
136	137	0	0
138	157	0	0
138	241	0	0
138	243	0	0
139	159	0	0
140	141	0	0
140	159	-1	0
140	161	0	0
141	161	0	0
142	163	0	0
142	143	0	0
143	144	0	0
143	164	0	0
144	164	0	0
144	165	0	0
145	165	0	0
145	146	0	0
146	147	0	0
146	167	0	0
147	148	0	0
147	167	0	0
148	169	0	0
149	170	0	0
149	150	0	0
150	151	0	0
150	170	0	0
151	152	0	0
151	171	0	0
152	153	0	0
152	173	0	0
152	172	0	0
153	174	0	0
154	175	0	0
154	174	0	0
155	175	0	0
155	156	0	0
156	177	0	0
157	244	0	0
157	243	0	0
158	179	0	0
158	159	0	0
159	160	1	0
159	179	0	0
160	161	0	0
160	179	-1	0
160	199	-1	0
161	180	0	0
161	181	0	0
162	163	0	0
162	182	0	0
164	183	0	0
165	185	0	0
166	263	0	0
167	187	0	0
167	168	0	0
168	188	0	0
168	169	0	0
169	188	0	0
171	191	0	0
171	190	0	0
172	173	0	0
173	192	0	0
173	193	0	0
174	194	0	0
174	193	0	0
174	175	0	0
176	178	0	0
176	263	0	0
176	269	0	0
177	196	0	0
177	197	0	0
178	269	0	0
180	201	0	0
180	199	-1	0
180	200	0	0
181	201	0	0
181	182	0	0
182	183	0	0
183	203	0	0
184	277	0	0
185	205	0	0
186	285	0	0
187	208	0	0
188	208	0	0
188	189	0	0
189	190	0	0
189	209	0	0
189	210	0	0
191	212	0	0
191	192	0	0
191	211	0	0
192	212	0	0
193	213	0	0
193	194	0	0
194	195	0	0
195	216	0	0
195	215	0	0
196	217	0	0
196	197	0	0
197	198	0	0
198	219	0	0
199	200	1	0
199	219	0	0
203	222	0	0
203	204	0	0
204	224	0	0
204	205	0	0
205	224	0	0
205	225	0	0
206	207	0	0
206	301	0	0
207	218	0	0
208	227	0	0
208	209	0	0
209	228	0	0
210	211	0	0
211	230	0	0
211	212	0	0
212	231	0	0
212	232	0	0
213	232	0	0
213	214	0	0
214	233	0	0
214	215	0	0
214	234	0	0
215	234	0	0
215	235	0	0
216	235	0	0
216	236	0	0
217	237	0	0
218	307	0	0
218	305	0	0
219	239	0	0
219	238	0	0
220	221	0	0
220	239	-1	0
220	240	0	0
221	222	0	0
222	242	0	0
223	350	0	0
223	331	0	0
224	245	0	0
224	225	0	0
225	246	0	0
226	350	0	0
227	248	0	0
227	228	0	0
228	229	0	0
228	249	0	0
229	230	0	0
229	250	0	0
231	251	0	0
231	252	0	0
233	234	0	0
234	254	0	0
235	256	0	0
236	257	0	0
236	237	0	0
237	238	0	0
237	257	0	0
238	239	0	0
238	259	0	0
238	258	0	0
239	259	0	0
240	279	-1	0
240	259	-1	0
240	260	0	0
241	243	0	0
241	346	0	0
242	262	0	0
242	261	0	0
243	345	0	0
243	344	0	0
244	344	0	0
245	264	0	0
245	246	0	0
247	263	0	0
247	343	0	0
247	342	0	0
248	267	0	0
248	249	0	0
248	268	0	0
249	250	0	0
250	251	0	0
250	270	0	0
251	270	0	0
252	271	0	0
252	253	0	0
253	254	0	0
254	274	0	0
254	255	0	0
255	275	0	0
255	256	0	0
256	275	0	0
257	276	0	0
258	278	0	0
259	279	0	0
260	261	0	0
260	280	0	0
261	262	0	0
261	281	0	0
262	283	0	0
263	342	0	0
264	284	0	0
264	265	0	0
265	286	0	0
266	286	0	0
266	267	0	0
266	287	0	0
267	268	0	0
267	288	0	0
268	288	0	0
268	289	0	0
269	340	0	0
270	291	0	0
271	291	0	0
271	272	0	0
272	273	0	0
273	274	0	0
273	294	0	0
273	293	0	0
274	294	0	0
274	295	0	0
275	295	0	0
276	296	0	0
276	297	0	0
277	340	1	0
278	298	0	0
278	299	0	0
279	299	0	0
280	281	0	0
280	300	0	0
281	282	0	0
282	302	0	0
282	283	0	0
283	302	0	0
283	284	0	0
283	303	0	0
284	304	0	0
285	292	0	0
285	337	0	0
286	287	0	0
287	306	0	0
287	288	0	0
289	309	0	0
290	310	0	0
290	309	0	0
291	310	0	0
292	301	0	0
292	337	0	0
292	336	0	0
293	313	0	0
293	312	0	0
293	294	0	0
294	313	0	0
294	295	0	0
295	314	0	0
295	296	0	0
295	315	0	0
297	317	0	0
297	316	0	0
297	298	0	0
298	318	0	0
298	299	0	0
299	318	0	0
299	319	0	0
300	320	0	0
301	305	0	0
301	336	0	0
302	303	0	0
303	324	0	0
303	323	0	0
304	325	0	0
305	335	0	0
306	326	0	0
306	327	0	0
307	311	0	0
307	334	0	0
307	333	0	0
308	328	0	0
308	309	0	0
308	329	0	0
309	330	0	0
309	329	0	0
310	330	0	0
311	333	0	0
312	332	0	0
313	314	0	0
314	334	0	0
315	336	0	0
315	316	0	0
316	317	0	0
317	318	0	0
317	338	0	0
318	339	0	0
319	339	0	0
320	339	-1	0
321	322	0	0
321	340	0	0
322	323	0	0
323	324	0	0
324	343	0	0
324	325	0	0
325	344	0	0
325	326	0	0
325	345	0	0
326	346	0	0
327	347	0	0
328	347	0	0
328	329	0	0
329	348	0	0
329	349	0	0
330	350	0	0
331	350	0	0
331	332	0	0
332	333	0	0
334	335	0	0
335	336	0	0
337	338	0	0
340	341	0	0
341	342	0	0
342	343	0	0
343	344	0	0
345	346	0	0
346	347	0	0
347	348	0	0
349	350	0	0
1	0	0	0	2	0	0
2	1	0	0	3	0	0
2	166	0	-1	21	0	0
3	2	0	0	4	0	0
4	3	0	0	5	0	0
4	157	0	-1	23	0	0
6	131	0	-1	25	0	0
7	6	0	0	8	0	0
8	118	0	-1	27	0	0
8	119	0	-1	28	0	0
9	118	0	-1	29	0	0
10	99	0	-1	29	0	0
10	110	0	-1	30	0	0
13	12	0	0	14	0	0
14	79	0	-1	34	0	0
15	22	0	0	11	0	0
16	60	0	-1	36	0	0
17	16	0	0	18	0	0
17	22	0	-1	36	0	0
19	15	0	-1	39	0	0
20	0	0	0	41	0	0
21	1	0	0	42	0	0
22	53	0	0	15	0	0
22	186	0	0	17	0	1
23	3	0	0	44	0	0
26	25	0	0	27	0	0
26	7	0	0	46	0	0
27	26	0	0	28	0	0
27	8	0	0	47	0	0
29	9	0	0	50	0	0
30	29	0	0	31	0	0
30	10	0	0	51	0	0
31	30	0	0	32	0	0
34	33	0	0	35	0	0
34	14	0	0	55	0	0
35	16	0	0	55	0	0
36	17	0	0	56	0	0
36	16	0	0	57	0	0
37	36	0	0	38	0	0
39	19	0	0	40	1	0
41	20	0	0	61	0	0
42	21	0	0	62	0	0
44	24	0	0	63	0	0
44	23	0	0	64	0	0
46	25	0	0	66	0	0
47	27	0	0	66	0	0
49	48	0	0	50	0	0
52	32	0	0	71	0	0
54	34	0	0	73	0	0
55	54	0	0	56	0	0
55	35	0	0	74	0	0
56	36	0	0	75	0	0
56	35	0	0	76	0	0
57	36	0	0	77	0	0
58	57	0	0	59	0	0
58	37	0	0	78	0	0
59	58	0	0	40	1	0
60	207	0	0	16	0	1
62	61	0	0	63	0	0
62	42	0	0	83	0	0
63	44	0	0	83	0	0
63	43	0	0	84	0	0
65	79	0	0	60	0	0
65	207	0	0	14	0	1
69	68	0	0	70	0	0
70	69	0	0	71	0	0
70	51	0	0	90	0	0
71	70	0	0	72	0	0
72	71	0	0	73	0	0
73	72	0	0	74	0	0
73	54	0	0	93	0	0
74	73	0	0	75	0	0
74	54	0	0	95	0	0
74	55	0	0	94	0	0
75	74	0	0	76	0	0
77	57	0	0	98	0	0
79	80	0	0	65	0	0
81	61	0	0	100	0	0
82	81	0	0	83	0	0
83	82	0	0	84	0	0
83	62	0	0	103	0	0
84	63	0	0	104	0	0
86	85	0	0	87	0	0
87	86	0	0	88	0	0
88	87	0	0	89	0	0
90	70	0	0	109	0	0
91	223	0	0	12	0	1
92	72	0	0	111	0	0
93	92	0	0	94	0	0
95	74	0	0	115	0	0
96	76	0	0	115	0	0
97	77	0	0	116	0	0
99	110	0	0	91	0	0
99	223	0	0	10	0	1
100	81	0	0	120	0	0
103	102	0	0	104	0	0
103	83	0	0	124	0	0
104	84	0	0	125	0	0
105	85	0	0	126	0	0
106	87	0	0	126	0	0
106	86	0	0	127	0	0
107	88	0	0	127	0	0
107	87	0	0	128	0	0
110	226	0	0	9	0	1
112	111	0	0	113	0	0
113	112	0	0	114	0	0
113	93	0	0	134	0	0
115	96	0	0	135	0	0
116	115	0	0	117	0	0
116	97	0	0	136	0	0
117	98	0	0	137	0	0
119	131	0	0	118	0	0
122	101	0	0	142	0	0
125	105	0	0	144	0	0
126	106	0	0	145	0	0
127	107	0	0	146	0	0
128	107	0	0	148	0	0
129	128	0	0	130	0	0
131	138	0	0	119	0	0
134	133	0	0	135	0	0
134	113	0	0	154	0	0
135	114	0	0	155	0	0
136	116	0	0	155	0	0
138	157	0	0	131	0	0
138	243	0	0	6	0	1
138	241	0	0	5	0	1
140	159	-1	0	141	0	0
140	120	0	0	161	0	0
141	122	0	0	161	0	0
142	122	0	0	163	0	0
143	142	0	0	144	0	0
143	123	0	0	164	0	0
144	125	0	0	164	0	0
145	126	0	0	165	0	0
146	145	0	0	147	0	0
147	146	0	0	148	0	0
147	128	0	0	167	0	0
148	128	0	0	169	0	0
149	129	0	0	170	0	0
150	149	0	0	151	0	0
151	150	0	0	152	0	0
152	151	0	0	153	0	0
152	132	0	0	173	0	0
153	133	0	0	174	0	0
154	134	0	0	175	0	0
155	136	0	0	175	0	0
156	136	0	0	177	0	0
157	243	0	0	4	0	1
159	158	0	0	140	1	0
159	139	0	0	160	1	0
160	179	-1	0	161	0	0
161	141	0	0	180	0	0
161	140	0	0	181	0	0
164	144	0	0	183	0	0
165	144	0	0	185	0	0
167	146	0	0	187	0	0
168	167	0	0	169	0	0
171	151	0	0	190	0	0
173	152	0	0	193	0	0
174	154	0	0	193	0	0
174	153	0	0	194	0	0
176	263	0	0	1	0	1
176	269	0	0	2	0	1
177	156	0	0	197	0	0
180	161	0	0	200	0	0
182	181	0	0	183	0	0
183	164	0	0	203	0	0
184	277	0	0	15	0	0
187	167	0	0	208	0	0
188	169	0	0	208	0	0
189	188	0	0	190	0	0
191	171	0	0	212	0	0
192	173	0	0	212	0	0
193	174	0	0	213	0	0
194	193	0	0	195	0	0
197	196	0	0	198	0	0
199	160	1	0	219	0	0
203	183	0	0	222	0	0
204	203	0	0	205	0	0
205	185	0	0	224	0	0
207	218	0	0	206	0	0
208	188	0	0	227	0	0
209	189	0	0	228	0	0
211	210	0	0	212	0	0
211	191	0	0	230	0	0
212	192	0	0	231	0	0
212	191	0	0	232	0	0
213	193	0	0	232	0	0
214	213	0	0	215	0	0
215	195	0	0	234	0	0
216	195	0	0	236	0	0
217	196	0	0	237	0	0
218	305	0	0	79	0	0
219	199	0	0	238	0	0
219	198	0	0	239	0	0
220	239	-1	0	221	0	0
221	220	0	0	222	0	0
222	203	0	0	242	0	0
223	331	0	0	99	0	0
223	350	0	0	91	0	0
224	204	0	0	245	0	0
225	205	0	0	246	0	0
226	350	0	0	110	0	0
228	227	0	0	229	0	0
229	228	0	0	230	0	0
231	212	0	0	251	0	0
234	215	0	0	254	0	0
235	215	0	0	256	0	0
236	216	0	0	257	0	0
237	236	0	0	238	0	0
238	237	0	0	239	0	0
238	219	0	0	258	0	0
239	238	0	0	220	1	0
240	220	0	0	279	-1	0
241	346	0	0	138	0	0
242	222	0	0	261	0	0
243	345	0	0	157	0	0
243	344	0	0	138	0	0
248	227	0	0	268	0	0
249	248	0	0	250	0	0
250	249	0	0	251	0	0
250	229	0	0	270	0	0
251	231	0	0	270	0	0
253	252	0	0	254	0	0
254	253	0	0	255	0	0
255	254	0	0	256	0	0
257	237	0	0	276	0	0
259	238	0	0	279	0	0
261	260	0	0	262	0	0
261	242	0	0	281	0	0
262	242	0	0	283	0	0
263	342	0	0	176	0	0
264	245	0	0	284	0	0
267	266	0	0	268	0	0
268	248	0	0	289	0	0
269	340	0	0	176	0	0
270	250	0	0	291	0	0
271	252	0	0	291	0	0
272	271	0	0	273	0	0
273	272	0	0	274	0	0
274	254	0	0	295	0	0
275	256	0	0	295	0	0
276	257	0	0	296	0	0
278	258	0	0	299	0	0
279	240	1	0	299	0	0
281	280	0	0	282	0	0
282	281	0	0	283	0	0
283	282	0	0	284	0	0
283	262	0	0	303	0	0
285	337	0	0	186	0	0
287	286	0	0	288	0	0
289	268	0	0	309	0	0
291	271	0	0	310	0	0
292	301	0	0	285	0	0
293	273	0	0	312	0	0
294	293	0	0	295	0	0
294	274	0	0	313	0	0
295	294	0	0	296	0	0
295	274	0	0	315	0	0
295	275	0	0	314	0	0
297	276	0	0	317	0	0
298	297	0	0	299	0	0
299	279	0	0	318	0	0
299	278	0	0	319	0	0
301	305	0	0	292	0	0
303	283	0	0	324	0	0
304	284	0	0	325	0	0
305	335	0	0	218	0	0
306	287	0	0	326	0	0
307	333	0	0	218	0	0
309	290	0	0	329	0	0
309	289	0	0	330	0	0
310	291	0	0	330	0	0
312	293	0	0	332	0	0
314	295	0	0	334	0	0
315	295	0	0	336	0	0
316	315	0	0	317	0	0
317	316	0	0	318	0	0
317	297	0	0	338	0	0
318	298	0	0	339	0	0
322	321	0	0	323	0	0
323	322	0	0	324	0	0
324	323	0	0	325	0	0
325	324	0	0	326	0	0
325	304	0	0	345	0	0
327	306	0	0	347	0	0
328	308	0	0	347	0	0
329	309	0	0	348	0	0
329	308	0	0	349	0	0
330	309	0	0	350	0	0
331	332	0	0	223	0	0
332	312	0	0	331	0	0
334	314	0	0	307	0	0
335	334	0	0	336	0	0
336	315	0	0	292	0	0
340	277	-1	0	341	0	0
341	340	0	0	342	0	0
342	341	0	0	343	0	0
343	342	0	0	344	0	0
343	324	0	0	247	0	0
344	325	0	0	244	0	0
346	345	0	0	347	0	0
347	346	0	0	348	0	0
350	349	0	0	331	0	0
350	330	0	0	223	0	0
0	1	2	3	4	5
166	2	21
345	243	157	4	23
131	6	25
6	7	8
118	8	27	47	66
119	8	28
118	9	29	50
273	293	312	332	331	223	99	10	29
110	10	30	51
12	13	14
79	14	34	55
53	22	15	11
207	60	16	36	57	77	98
16	17	18
186	22	17	36	56	75
15	19	39	40
0	20	41	61
1	21	42	62	83	103	124
3	23	44	64
25	26	27	28
7	26	46
29	30	31	32
33	34	35
16	35	55	74	94
186	22	17	36	56	75
207	60	16	36	57	77	98
36	37	38
24	44	63	83
25	46	66
48	49	50
32	52	71
34	54	73	93
54	55	56
186	22	17	36	56	75
35	56	76
207	60	16	36	57	77	98
57	58	59	40
37	58	78
61	62	63
43	63	84	104	125
80	79	65	60
207	65	14
68	69	70	71	72	73	74	75	76
51	70	90	109
54	74	95	115
207	60	16	36	57	77	98
61	81	100	120
81	82	83	84
85	86	87	88	89
227	248	268	289	309	330	350	223	91	12
72	92	111
92	93	94
76	96	115	135
77	97	116	136	155	175
110	99	91
102	103	104
85	105	126
87	106	126	145	165
86	106	127
88	107	127	146
87	107	128	148	169
350	226	110	9
111	112	113	114
93	113	134	154	175
115	116	117
98	117	137
157	138	131	119	118
101	122	142	163
105	125	144	164	183	203	222	242	261	281
128	129	130
133	134	135
114	135	155
344	243	138	6
346	241	138	5
158	159	140	141
120	140	161	181
122	141	161	180	200
142	143	144
123	143	164
145	146	147	148
128	147	167
129	149	170
149	150	151	152	153
132	152	173	193
133	153	174	194
136	156	177	197
139	159	160
179	160	161
144	165	185
146	167	187	208
167	168	169
151	171	190
154	174	193	213	232
342	263	176	1
340	269	176	2
181	182	183
277	184	15
169	188	208	227
188	189	190
171	191	212	232
173	192	212	231	251	270
193	194	195
196	197	198
160	199	219	238	258
203	204	205
185	205	224
218	207	206
189	209	228
210	211	212
191	211	230
213	214	215
195	215	234	254
195	216	236	257
196	217	237
335	305	218	79
198	219	239
236	237	238	239	220	221	222
236	237	238	239	220	221	222
204	224	245
205	225	246
227	228	229	230
215	235	256
220	240	279	299	318
248	249	250	251
229	250	270	291
252	253	254	255	256
237	257	276	296
238	259	279
260	261	262
242	262	283	303	324
245	264	284
266	267	268
252	271	291	310	330
271	272	273	274
254	274	295	315	336	292
256	275	295	314	334	307
258	278	299	319
280	281	282	283	284
337	285	186
286	287	288
305	301	292	285
293	294	295	296
274	294	313
276	297	317	338
297	298	299
284	304	325	345
287	306	326
333	307	218
290	309	329	348
315	316	317	318
298	318	339
321	322	323	324	325	326
306	327	347
308	328	347
308	329	349
334	335	336
277	340	341	342	343	344
324	343	247
325	344	244
345	346	347	348
349	350	331
