0.0403989	0.307175
0.866886	0.134102
2.0316	0.235532
2.80769	0.170475
4.05866	0.157994
4.94602	-0.149096
6.0109	-0.145867
6.88025	-0.155142
7.66778	-0.176636
8.733	0.0238702
9.97421	0.087574
10.8057	0.168144
11.8804	0.155086
12.9235	0.262834
13.9082	0.183995
14.8529	-0.0593627
15.3273	12.8802
1.338	0.848074
2.47472	0.907877
3.66311	0.810913
4.44475	0.971699
5.55394	0.614733
6.34199	0.827103
7.27178	0.735244
8.34546	0.796294
9.27299	0.902052
10.26	0.948306
11.3853	0.831648
12.2714	0.928977
13.3095	0.86884
14.2585	1.03541
14.3462	12.8558
-0.0387754	1.66853
1.04752	1.74469
13.2128	12.8544
3.05171	1.82319
4.04558	1.77996
4.83793	1.73736
5.95177	1.86006
6.93544	1.6295
7.77985	1.80102
9.01979	1.85878
9.83839	1.72173
10.6445	1.86615
12.0531	1.70092
12.9346	1.72895
12.4905	12.9053
14.8523	1.68012
0.369723	2.81179
1.33943	2.14948
2.36193	2.49993
3.54155	2.43328
4.43197	2.53839
5.38492	2.55472
6.40888	2.64069
7.34017	2.84704
8.36875	2.62679
9.22933	2.68396
10.5109	2.57918
11.3518	2.51975
12.3304	2.53107
13.3457	2.47933
14.4712	2.68154
15.342	2.48844
-0.0361188	3.30368
0.781427	3.25132
1.94935	3.26826
2.87087	3.57402
3.75207	3.48773
5.0144	3.4716
6.04063	3.4725
6.93721	3.40828
7.76996	3.24594
11.3962	12.8212
10.1285	3.44213
10.8935	3.57105
11.8661	3.50942
12.7927	3.47434
13.964	3.16895
15.0396	3.35621
0.433623	4.37617
1.61458	4.18576
2.5192	4.28283
3.3842	4.19086
4.46719	4.30229
5.54797	4.31373
6.41625	4.32879
7.32037	4.21234
8.27144	4.16801
9.4434	4.2861
10.4012	12.9564
11.4401	4.31686
12.2359	4.50759
13.6041	4.25207
14.336	4.50831
15.357	4.3639
0.0807003	5.17254
0.830048	4.76203
1.84342	5.10915
2.78264	5.06851
4.04677	5.12212
4.82344	5.23611
5.92138	5.1062
6.97099	5.26962
7.93218	5.20321
8.99919	4.96498
9.9119	5.34666
10.9477	4.8581
11.9414	5.09893
12.8413	5.24226
9.5417	12.6936
8.42826	12.9793
0.404411	5.9685
1.33328	5.87995
2.46866	5.96349
3.40261	6.14285
4.499	12.8794
3.54288	12.8554
6.33111	5.95199
7.44601	5.98517
8.5641	5.84455
9.56237	5.96117
2.43428	12.8891
11.4611	5.79791
12.2827	6.21712
13.3918	6.02056
14.469	5.98468
15.2134	5.96302
0.00242003	6.99399
0.991574	6.79998
1.73075	6.87521
2.96261	6.85114
3.88568	7.02595
4.94979	6.92668
6.08308	6.67212
7.03349	6.74458
7.87418	7.02675
9.09121	6.89218
9.72607	6.7661
10.8896	6.75325
11.7899	7.11414
12.84	7.11731
13.9494	6.94611
14.7884	6.83709
0.465283	7.86445
1.45044	7.58737
2.32184	7.5586
3.50628	7.74208
4.48245	7.70846
5.5066	7.79807
6.47885	7.60629
1.43622	12.7829
8.40626	7.86144
9.35879	7.64631
10.247	7.48432
11.4317	7.67205
12.203	7.58097
13.4907	7.7212
14.3173	7.59516
15.5203	7.69153
0.176509	8.31774
0.571395	12.8545
1.94667	8.73964
2.89792	8.58426
3.86545	8.61511
4.92532	8.60707
6.0931	8.54739
6.8644	8.69279
7.87593	8.46706
8.96849	8.48254
9.83237	8.55111
10.8619	8.59249
13.9225	11.9374
12.889	8.61138
13.8415	8.47552
14.8923	8.47144
0.572937	9.57679
1.50551	9.33519
2.46268	9.40628
3.45257	9.34487
4.65054	9.38556
5.39979	9.4408
6.58108	9.49681
12.9847	12.0176
8.40308	9.50298
11.9113	12.0243
10.3139	9.70525
11.3239	9.3992
12.261	9.30481
11.015	12.1729
14.4205	9.59995
15.428	9.34179
0.129614	10.3553
1.22139	10.2186
8.86291	12.1093
3.04483	10.2206
3.90879	10.4426
4.94351	10.3039
5.8686	10.1919
6.80319	10.2779
7.95037	10.2515
8.87134	10.4109
9.92653	10.3134
11.0263	10.2649
11.9976	9.98396
12.8772	10.1007
13.991	10.216
14.7631	10.333
0.529562	11.1293
1.23699	10.9874
2.42611	11.0032
3.39021	11.1499
4.48101	10.995
5.42343	11.0452
6.5127	11.2541
7.38629	11.1089
8.49998	11.1823
9.43811	11.1821
10.5751	11.1506
11.5569	11.2913
12.5255	11.2778
7.8918	12.1655
14.4259	10.9237
15.3764	11.1601
0.0164253	11.9539
1.03983	12.0705
2.06511	12.0698
2.84397	11.9416
3.87472	12.07
6.98155	12.0455
