0.0230097	0.300728
0.856032	0.127912
2.02071	0.229833
2.80001	0.1563
4.04996	0.133703
4.93084	-0.186035
5.99656	-0.195366
6.86575	-0.176567
7.65357	-0.172578
8.71184	0.0618693
9.95612	0.114888
10.787	0.187695
11.8617	0.168809
12.9056	0.267972
13.8902	0.18797
14.8336	-0.0603749
15.4643	12.8767
1.33602	0.83595
2.47271	0.896237
3.66032	0.790163
4.44375	0.941988
5.54809	0.570269
6.33463	0.775201
7.2662	0.703615
8.33765	0.795864
9.26084	0.934447
10.2479	0.976712
11.3721	0.849419
12.259	0.939454
13.2951	0.875969
14.2449	1.03752
14.483	12.8575
-0.0461355	1.65671
1.0403	1.73085
13.3498	12.862
3.05671	1.8071
4.05004	1.75292
4.85964	1.69556
5.99224	1.81541
6.935	1.57244
7.77378	1.76962
9.02724	1.84852
9.82952	1.75185
10.6365	1.89103
12.0425	1.71718
12.9242	1.73778
12.6242	12.9142
14.8451	1.67639
0.364493	2.79921
1.35168	2.16538
2.38036	2.49727
3.57413	2.40796
4.46572	2.50257
5.41881	2.50464
6.4419	2.60036
7.36791	2.82922
8.40227	2.63788
9.22628	2.71774
10.5076	2.60492
11.3481	2.54002
12.3267	2.54496
13.3416	2.48467
14.4683	2.67947
15.3362	2.47747
-0.0329897	3.28758
0.821972	3.2811
1.98999	3.27222
2.91813	3.55721
3.81346	3.45625
5.07576	3.43731
6.102	3.43555
6.97925	3.35837
7.82366	3.27594
11.5292	12.839
10.131	3.4693
10.8967	3.59428
11.8688	3.52632
12.7951	3.48329
13.9643	3.17021
15.0434	3.34852
0.439217	4.35898
1.62557	4.20577
2.58313	4.27334
3.44672	4.16897
4.53084	4.26882
5.61164	4.27812
6.47996	4.29082
7.38672	4.19706
8.33879	4.19044
9.50473	4.35782
10.535	12.9795
11.4481	4.33652
12.2531	4.54586
13.6145	4.25663
14.3488	4.50607
15.3718	4.35265
0.169005	5.18708
0.987098	4.94056
1.92048	5.11023
2.85783	5.05516
4.12247	5.09472
4.88894	5.20194
6.05525	5.0849
7.10432	5.25176
8.06572	5.18849
9.07821	4.9766
9.99373	5.35149
11.0331	4.87064
11.9373	5.12616
12.8764	5.26536
9.67283	12.7255
8.56302	13.0249
0.494628	5.98226
1.42306	5.8893
2.55918	5.96212
3.4897	6.12255
4.63518	12.8486
3.67881	12.8394
6.46212	5.93207
7.57686	5.96877
8.65906	5.86387
9.64878	5.96858
2.58047	12.8774
11.5535	5.80662
12.356	6.26116
13.4624	6.01731
14.5643	5.99723
15.3036	5.9849
0.100722	7.01088
1.08832	6.80909
1.82992	6.88077
3.06126	6.8379
3.98594	7.00401
5.07832	6.90515
6.2118	6.65141
7.16197	6.72689
7.98759	7.01735
9.19383	6.90761
9.82865	6.78133
10.9922	6.76798
11.8962	7.11928
12.9372	7.12707
14.0473	6.96008
14.886	6.84876
0.571082	7.86271
1.55622	7.59115
2.42718	7.55135
3.6133	7.72368
4.60835	7.68535
5.63229	7.77835
6.6046	7.58683
1.58204	12.7748
8.50566	7.8608
9.46165	7.66166
10.3499	7.49933
11.5346	7.68654
12.3064	7.59903
13.5942	7.73844
14.4207	7.61154
15.6244	7.69756
0.285817	8.31821
0.717473	12.8494
2.0694	8.72238
3.02066	8.56705
3.98841	8.58999
5.0483	8.58539
6.21744	8.52735
6.9851	8.67512
8.00301	8.48013
9.07171	8.49804
9.93562	8.56626
10.9652	8.6073
14.0625	11.9473
12.996	8.63099
13.9479	8.49138
15.0032	8.48285
0.69448	9.57334
1.62822	9.31792
2.58538	9.38905
3.57505	9.3242
4.77302	9.36519
5.52233	9.41937
6.70342	9.4797
13.111	12.0205
8.51536	9.52344
12.0377	12.0379
10.4212	9.72207
11.4301	9.41232
12.3678	9.32426
11.1427	12.1939
14.5344	9.61193
15.5473	9.34794
0.258757	10.3562
1.34911	10.2086
8.98685	12.1497
3.16277	10.1978
4.02691	10.4191
5.06219	10.2847
5.99171	10.1756
6.92382	10.2851
8.07127	10.2771
8.98726	10.4424
10.0343	10.3442
11.1334	10.282
12.1036	9.99729
12.9842	10.1068
14.1187	10.2374
14.8921	10.3456
0.666655	11.126
1.36396	10.9773
2.55314	10.9875
3.50885	11.1269
4.59954	10.9712
5.54168	11.0263
6.62607	11.2592
7.50073	11.1204
8.61304	11.2125
9.55117	11.2158
10.688	11.1774
11.6716	11.3045
12.6422	11.2867
8.01553	12.2022
14.5691	10.9353
15.5226	11.1597
0.152573	11.9499
1.18316	12.0637
2.20844	12.0595
2.96765	11.9205
3.9984	12.049
7.10814	12.0623
