-2.70775	-0.127004
0.26706	-0.347941
1.87302	0.0588759
2.21711	-0.257905
2.98528	-0.289152
3.99631	-0.662477
7.65678	0.398323
8.87113	0.73324
10.0069	1.04598
9.11678	0.288524
8.98027	0.195918
9.18627	-0.319702
10.3804	-0.420702
11.7284	-0.163904
13.3963	0.204768
14.1117	-0.491543
49.3813	12.3159
1.71658	0.11227
3.12663	0.37587
4.20466	0.246869
6.21764	0.892033
5.86681	-0.164234
9.19737	0.92145
10.3528	1.28406
11.5636	1.60543
10.9315	0.850139
12.8508	0.973215
11.9062	0.102494
13.3931	0.455877
14.554	0.728368
15.4629	0.552554
49.1977	13.0877
3.54071	1.61563
2.92577	0.630454
47.5068	13.0617
5.27926	1.0166
5.94879	1.75249
8.28207	1.47987
10.7689	1.32279
10.4393	1.3709
11.5411	1.76101
13.3869	2.29224
13.6127	1.6724
14.886	1.92395
16.2164	1.98313
15.7956	1.208
45.6117	12.7987
17.7831	1.30854
4.44731	1.0579
8.62557	2.17025
7.42392	1.73822
11.186	2.73889
9.67727	2.26902
9.88869	1.49337
11.4684	1.89598
12.9886	2.29137
14.975	2.89068
15.1645	2.46433
15.485	2.2707
16.3258	2.24038
17.0224	1.64281
18.1061	1.95476
19.5866	2.09197
21.1439	1.85076
7.26906	2.70449
9.97288	2.65267
11.258	3.11077
9.59614	2.46
13.1637	3.27248
14.7127	3.37248
16.0263	3.45784
16.9418	2.99861
17.418	3.70061
44.4557	12.5436
16.7502	3.27291
17.3073	2.83509
17.9745	2.45263
18.9677	2.6684
20.2451	2.78507
21.439	2.47626
10.4076	3.64566
12.3088	4.19343
13.2866	3.89114
13.9381	4.47979
14.8335	3.87551
16.0927	4.29615
17.1598	4.03381
18.5796	4.29821
20.0394	4.56976
18.3526	3.90442
44.2127	13.4962
19.1461	3.20862
23.3267	4.61747
22.6014	3.76685
21.6296	3.68456
22.1168	3.28667
12.5053	4.28939
13.1966	3.7899
13.9731	4.67537
15.0113	4.5709
16.0998	4.37452
15.0583	4.84938
26.6543	7.76898
27.2327	6.87823
27.8325	6.12443
23.8082	5.76592
25.2991	6.07079
26.8782	6.27278
21.3635	3.95594
25.4178	5.05427
43.1456	13.262
41.7932	12.8213
14.5934	4.92778
15.5987	5.11554
16.6705	4.7319
17.3189	5.28738
38.4335	12.5949
37.5826	12.7633
27.5941	7.78583
28.1675	6.98266
25.8718	6.48565
25.9737	6.49957
36.1725	12.6981
28.384	6.46526
26.9921	5.80269
28.6033	6.09405
35.7679	7.94686
30.5286	5.95434
15.6886	5.27667
16.6971	5.5893
17.4574	5.60196
19.4712	6.12915
20.7296	6.48458
26.7977	8.18017
28.0211	8.41647
28.6498	7.70054
28.8227	7.89873
28.1158	7.26796
29.5485	7.7031
30.4465	7.12902
29.7405	6.46399
32.0495	7.21927
34.6779	8.02615
36.5045	8.48184
24.0798	9.40039
18.7448	6.2326
20.7547	6.86453
21.8636	6.8053
25.7372	7.94788
27.8902	8.44814
29.1016	8.62116
34.9656	12.5619
29.5062	8.61474
30.3466	8.11803
31.3564	8.12364
32.1699	7.38406
33.5122	7.75874
36.0605	8.5952
37.6449	9.13051
38.6015	9.00554
25.1429	9.7189
34.7026	13.1353
24.8143	8.3085
23.5822	7.89368
24.4218	7.57419
26.7549	8.36123
30.0475	8.99588
30.5538	8.85212
31.8655	9.26855
31.6325	8.96053
32.2649	8.54152
33.9545	9.03064
45.5489	12.2423
36.9587	9.18504
37.9171	9.27035
39.6986	9.60128
27.0329	10.3496
25.0313	9.01711
25.9319	8.68523
28.6585	9.60396
30.2563	9.79886
28.9304	9.16885
30.7027	9.63682
41.5573	11.4662
33.2967	9.72466
43.585	12.1375
36.4167	9.90434
35.6565	9.52101
36.4756	9.98662
42.6671	11.9569
40.1808	10.0932
41.931	10.234
28.4512	10.856
29.8501	11.0004
40.6093	12.4354
30.9337	10.515
32.16	10.5748
31.5493	10.055
32.3006	9.92974
33.8651	10.2896
35.0344	10.4366
37.8095	11.5155
39.3728	11.0344
38.387	10.5564
37.4953	10.1234
38.4472	10.4362
41.9616	10.7407
42.9249	10.8367
30.9649	11.6121
30.9191	11.1103
32.406	11.2629
32.2735	11.2114
33.7944	11.2559
32.8934	10.627
34.3366	11.0201
35.5119	10.9268
36.9965	11.2234
38.7311	11.8009
39.8618	11.9683
40.582	11.2792
39.7221	10.859
38.5822	11.7927
43.6164	11.4335
43.8962	10.4952
32.2069	11.9517
33.3624	12.3476
34.349	11.9803
37.1998	12.7965
36.4141	12.1175
37.0962	11.3737
