-2.74768	-0.109337
0.237453	-0.380122
1.87987	0.0205226
2.20914	-0.279135
2.94747	-0.330935
3.94468	-0.658264
7.72317	0.392004
8.95131	0.705528
10.1006	0.998145
9.10492	0.318433
8.93738	0.21463
9.10732	-0.297499
10.3001	-0.410248
11.6747	-0.139331
13.3781	0.218944
14.0772	-0.491158
51.0558	12.3321
1.7529	0.0978058
3.16877	0.334931
4.24547	0.221256
6.33364	0.860709
5.87154	-0.158054
9.31639	0.907094
10.4946	1.25785
11.7085	1.54974
10.9769	0.85936
12.9354	0.974835
11.8989	0.132084
13.4152	0.47004
14.6039	0.738219
15.5023	0.544622
51.0112	13.1114
3.7044	1.60484
3.02767	0.635834
49.2211	13.0707
5.39613	0.971366
6.05391	1.71766
8.46889	1.45485
10.9468	1.27857
10.5924	1.34715
11.7129	1.72087
13.5986	2.23636
13.7781	1.65866
15.0822	1.91541
16.4088	1.94337
15.9186	1.21018
47.2985	12.8453
17.9267	1.3061
4.60102	1.06142
8.90746	2.15485
7.66092	1.71711
11.5257	2.71978
9.95484	2.24144
10.0661	1.44696
11.6566	1.83929
13.2027	2.23682
15.2522	2.83707
15.423	2.45538
15.7064	2.21856
16.5533	2.2277
17.2235	1.62374
18.3271	1.95265
19.8212	2.08651
21.3554	1.8455
7.58885	2.68043
10.2995	2.64365
11.6287	3.10891
9.91159	2.4482
13.588	3.26264
15.1536	3.36611
16.4834	3.45401
17.2479	3.03514
17.8195	3.66218
46.1204	12.5536
17.1015	3.26836
17.5783	2.75219
18.2484	2.39981
19.269	2.57943
20.5679	2.77178
21.7184	2.44456
10.8704	3.61838
12.8283	4.15153
13.7552	3.91108
14.4526	4.47396
15.3284	3.86719
16.5898	4.28621
17.6494	4.0137
19.0877	4.27587
20.566	4.54489
18.7912	3.89072
45.9574	13.528
19.4819	3.12796
23.8837	4.53275
23.055	3.76286
22.0476	3.62093
22.4203	3.23413
13.0583	4.26129
13.6731	3.66785
14.5498	4.62033
15.5517	4.57455
16.6464	4.39071
15.5562	4.84046
27.8063	7.7003
28.5766	6.96886
29.0903	6.15376
24.5562	5.76816
26.0969	6.08011
27.7049	6.27093
21.8106	3.87114
26.0649	5.02621
44.8609	13.3021
43.447	12.8693
15.2349	4.90087
16.2438	5.07945
17.337	4.76149
17.9542	5.27686
40.1478	12.5963
39.2956	12.727
28.7326	7.85888
29.4156	7.01514
26.713	6.49432
26.8048	6.50118
37.9029	12.678
29.2391	6.4531
27.7438	5.7809
29.4306	6.07999
36.8979	8.08678
31.2038	5.92376
16.3613	5.24237
17.399	5.55451
18.1726	5.58445
20.2565	6.12996
21.5641	6.4963
27.9125	8.25289
29.1469	8.49801
29.7897	7.79423
29.9845	7.98707
29.0512	7.28158
30.5622	7.73683
31.4263	7.13379
30.581	6.65689
33.0581	7.21575
35.8057	8.03432
37.7003	8.51789
25.3931	9.46475
19.5335	6.19909
21.6302	6.83222
22.7473	6.82778
26.8289	8.01108
29.0165	8.5239
30.2368	8.71619
36.6869	12.5267
30.6289	8.73838
31.3993	8.13829
32.4337	8.14041
33.1998	7.36743
34.587	7.74393
37.2452	8.57415
38.9011	9.08192
39.8658	9.07087
26.5045	9.78494
36.4558	13.1084
25.8965	8.28134
24.6087	7.86683
25.4605	7.62257
27.8831	8.41536
31.2447	8.85379
31.7095	8.96723
33.0593	9.35435
32.7781	8.99922
33.3775	8.54159
35.1472	9.04361
47.1741	12.244
38.2702	8.92364
39.1843	9.25026
41.0195	9.58326
28.4468	10.3803
26.1627	8.97296
27.0695	8.6585
29.9595	9.58799
31.5797	9.84867
30.1792	9.23192
32.0013	9.71757
43.0756	11.5215
34.5301	9.77618
45.1931	12.1912
37.7246	9.88301
36.9286	9.58035
37.853	9.76075
44.2641	11.9566
41.5402	10.0718
43.3421	10.2189
29.9274	10.8513
31.3476	10.9866
42.2024	12.4882
32.3753	10.4771
33.6146	10.481
32.8264	10.3321
33.6379	10.057
35.2272	10.4113
36.3841	10.4996
39.2914	11.5604
40.7814	11.0375
39.7958	10.5391
38.8612	10.1894
39.8439	10.4989
43.411	10.7242
44.3801	10.7889
32.5614	11.612
32.4379	11.0904
33.9466	11.2342
33.7616	11.129
35.304	11.2078
34.2561	10.7719
35.733	11.1212
36.9281	11.0241
38.4442	11.2955
40.2315	11.8662
41.3613	11.9286
42.0899	11.2628
41.1513	10.9132
40.084	11.8549
45.153	11.4277
45.3593	10.4702
33.8424	11.9595
35.0419	12.3388
36.0048	11.9668
38.9348	12.6486
38.0562	12.0945
38.5555	11.4525
