-2.48295	0.451475
0.202279	-0.308726
1.88061	0.0639779
2.19201	-0.237749
2.8904	-0.33626
3.87148	-0.613323
7.76934	0.408874
9.00838	0.687628
10.1685	0.947475
9.10103	0.30001
8.89891	0.178449
9.02575	-0.369478
10.2117	-0.489025
11.6143	-0.246308
13.3359	0.0232279
14.1831	-0.231372
52.794	12.9838
1.79195	0.155308
3.20693	0.359154
4.27995	0.231536
6.44477	0.846723
5.85736	-0.117278
9.4178	0.909324
10.6174	1.24001
11.831	1.4867
11.0309	0.821193
13.0257	0.911121
11.8974	0.0726796
13.4428	0.377539
14.6656	0.575537
15.6031	0.553979
53.6858	12.6574
3.90769	1.61
3.14915	0.679911
51.0058	12.9038
5.50956	0.97145
6.18099	1.70519
8.65323	1.44308
11.1158	1.24671
10.732	1.33564
11.8706	1.68822
13.7929	2.17724
13.9562	1.59562
15.2946	1.85613
16.605	1.81098
16.0573	1.11666
49.0744	12.778
18.1178	1.30609
4.78598	1.07285
9.20494	2.1559
7.90654	1.72547
11.8793	2.70411
10.2392	2.21999
10.2351	1.41855
11.8335	1.79736
13.4051	2.18859
15.5213	2.78319
15.6983	2.40134
15.9394	2.12399
16.7986	2.1659
17.4419	1.54915
18.579	1.88872
20.095	2.05679
21.6025	1.84549
7.94239	2.65631
10.6469	2.64338
12.0236	3.11483
10.2433	2.45149
14.0314	3.24965
15.613	3.35298
16.9593	3.44292
17.5246	3.14013
18.2255	3.61927
47.8623	12.4891
17.4755	3.22488
17.858	2.63595
18.5341	2.31075
19.5859	2.46175
20.9229	2.71906
22.0353	2.40263
11.3673	3.59325
13.3771	4.11311
14.2598	3.93301
14.9997	4.47333
15.8469	3.85102
17.1096	4.26705
18.1595	3.9851
19.6147	4.24381
21.1105	4.51005
19.2503	3.85255
47.7982	13.485
19.8284	3.01942
24.4581	4.4338
23.5463	3.7272
22.4951	3.53307
22.7562	3.17628
13.6448	4.23874
14.189	3.5786
15.1516	4.56931
16.1262	4.57813
17.2255	4.39501
16.0768	4.82335
29.0278	7.92274
29.6028	7.02816
30.2468	6.30987
25.334	5.76174
26.9301	6.08118
28.5739	6.2606
22.2713	3.76727
26.7479	4.98132
46.6698	13.2845
45.1934	12.8579
15.9099	4.88053
16.9199	5.04686
18.0306	4.80614
18.623	5.26178
41.9281	12.6428
41.0745	12.7292
29.9649	7.87546
30.5428	7.18087
27.5872	6.49386
27.6685	6.49474
39.7073	12.742
30.1445	6.43114
28.5391	5.74606
30.3054	6.05861
38.0563	8.37208
31.9096	5.89892
17.0679	5.21824
18.137	5.52752
18.9227	5.56658
21.0821	6.12575
22.4399	6.49703
29.0766	8.30659
30.3246	8.54938
31.0204	7.88985
31.189	8.11221
30.0237	7.28234
31.6159	7.75332
32.441	7.11789
31.4837	6.81026
34.1234	7.21595
36.9979	8.05938
38.9547	8.58392
26.7759	9.59098
20.3619	6.17322
22.5484	6.80875
23.6731	6.83523
27.9703	8.05255
30.1909	8.58881
31.4151	8.82072
38.475	12.6137
31.8381	8.86207
32.4936	8.13823
33.5505	8.13325
34.277	7.34217
35.7193	7.73301
38.4976	8.56744
40.2272	9.07694
41.1935	9.18664
27.9416	9.92453
38.3055	13.2176
27.0356	8.27304
25.6905	7.85659
26.545	7.64943
29.0658	8.44013
32.3825	8.53239
32.9129	9.06861
34.3058	9.41521
33.9736	9.01322
34.5323	8.51237
36.3883	9.01923
48.8717	12.1103
39.561	8.90087
40.5081	9.21952
42.4012	9.63784
29.9301	10.5119
27.3505	8.94323
28.2655	8.65659
31.3225	9.6095
32.9839	9.85991
31.4992	9.25063
33.3706	9.73607
44.6741	11.4856
35.8208	9.79416
46.8864	12.1414
39.0823	9.8226
38.264	9.57989
39.1895	9.75881
45.9366	11.8874
42.9647	10.0175
44.8156	10.3069
31.4746	10.9803
32.914	11.0947
43.8855	12.4816
33.8638	10.5218
35.0786	10.5217
34.3078	10.2674
35.0451	10.1007
36.6641	10.452
37.8039	10.5153
40.847	11.5755
42.2498	10.9823
41.2621	10.4717
40.2975	10.1857
41.3126	10.4901
44.9324	10.6611
45.9103	10.7921
34.2504	11.8096
34.022	11.1815
35.5482	11.297
35.3064	11.1387
36.8599	11.2188
35.7753	10.7299
37.2564	11.0855
38.4408	11.0312
39.9762	11.3069
41.8144	11.8733
42.9247	11.8163
43.6665	11.1852
42.6561	10.8862
41.674	11.8522
46.7626	11.331
46.8414	10.3541
35.5607	12.3757
36.8093	12.4827
37.7306	12.0484
40.716	12.5137
39.7576	12.1184
40.1073	11.4549
