-2.55708	0.436585
0.162974	-0.319738
1.88522	0.0479928
2.18085	-0.234918
2.84431	-0.340171
3.82564	-0.563168
7.85736	0.436402
9.1083	0.682846
10.2776	0.917875
9.12881	0.31512
8.88431	0.183281
8.96724	-0.349286
10.1478	-0.478972
11.5749	-0.224347
13.3108	0.0512391
14.1453	-0.218547
54.7031	12.9764
1.83118	0.167738
3.25047	0.339641
4.32432	0.237015
6.56886	0.848791
5.88035	-0.0654713
9.56619	0.922482
10.7885	1.24059
11.9995	1.44642
11.114	0.826438
13.1392	0.911593
11.919	0.0971498
13.4871	0.389786
14.7228	0.59122
15.6444	0.559587
55.6132	12.6786
4.0896	1.6224
3.26843	0.71338
52.8767	12.9368
5.64095	0.948787
6.27763	1.70719
8.86834	1.4442
11.3188	1.24443
10.9164	1.33904
12.0766	1.67668
14.045	2.13887
14.1535	1.58735
15.5185	1.85544
16.8247	1.74279
16.2059	1.11721
50.9668	12.8045
18.2785	1.321
4.96583	1.1153
9.527	2.17221
8.17888	1.72732
12.2786	2.69297
10.5651	2.20264
10.4375	1.40959
12.0517	1.77283
13.6577	2.15925
15.8498	2.74754
16.0089	2.39547
16.1855	2.08548
17.0524	2.15904
17.6749	1.53691
18.8381	1.88749
20.3627	2.0664
21.8471	1.87424
8.30341	2.66084
11.0211	2.66358
12.457	3.12928
10.6111	2.45915
14.5255	3.24419
16.1252	3.34668
17.4879	3.43059
17.9755	3.18323
18.7002	3.59515
49.7229	12.499
17.8955	3.21702
18.1462	2.56647
18.8294	2.27717
19.902	2.41399
21.2857	2.704
22.3472	2.40129
11.884	3.592
13.9547	4.09188
14.8155	3.96294
15.5949	4.48682
16.4175	3.847
17.6791	4.24835
18.7195	3.94805
20.1981	4.21561
21.7174	4.48727
19.7624	3.83706
49.7517	13.5042
20.1834	2.95659
25.0453	4.36303
24.0611	3.71181
22.9596	3.46368
23.1006	3.14491
14.2651	4.2363
14.7542	3.53745
15.7836	4.5389
16.7525	4.59089
17.8582	4.408
16.6521	4.8178
30.2186	8.01022
30.6029	7.02346
31.292	6.35492
26.1814	5.7573
27.8358	6.08176
29.5131	6.2553
22.7432	3.69822
27.4599	4.95371
48.5943	13.3001
47.047	12.8745
16.6284	4.87664
17.6394	5.02432
18.7682	4.87982
19.3427	5.25817
43.8216	12.6926
42.964	12.738
31.1565	7.95917
31.6535	7.20486
28.5349	6.49257
28.6059	6.48657
41.6026	12.7477
31.117	6.41879
29.3813	5.72415
31.2097	6.04542
39.3165	8.36741
32.6689	5.89011
17.8204	5.2046
18.9203	5.51752
19.7224	5.55793
21.9599	6.12854
23.3685	6.49998
30.3192	8.31417
31.5764	8.59312
32.2128	7.88487
32.3513	8.08067
31.0691	7.28407
32.7439	7.77652
33.5177	7.10638
32.5033	6.82229
35.2223	7.21541
38.225	8.07184
40.2354	8.60733
28.1979	9.63196
21.2406	6.16459
23.5203	6.79961
24.6541	6.84018
29.1802	8.06469
31.453	8.57247
32.7031	8.79827
40.3596	12.6044
32.9808	8.83827
33.6654	8.14296
34.7433	8.13781
35.4041	7.31448
36.8889	7.72158
39.7815	8.56159
41.5847	9.05736
42.5556	9.22666
29.4222	9.9671
40.2291	13.2089
28.2251	8.27737
26.8279	7.85735
27.6885	7.6645
30.3156	8.44615
33.6665	8.46288
34.2336	9.11259
35.6554	9.44073
35.2494	9.02651
35.7675	8.4975
37.7134	9.01444
50.6319	12.1377
40.8754	8.89945
41.8584	9.21382
43.8171	9.62878
31.4595	10.5328
28.5871	8.92345
29.5126	8.66268
32.7438	9.62565
34.4493	9.87409
32.8749	9.26779
34.7983	9.73318
46.3848	11.5014
37.2023	9.79905
48.6968	12.1635
40.5246	9.80669
39.6962	9.58641
40.6144	9.79657
47.7229	11.8873
44.4153	10.0177
46.3328	10.3047
33.0679	10.9834
34.5326	11.0963
45.6723	12.4944
35.4198	10.5417
36.6119	10.552
35.8446	10.2448
36.5331	10.1416
38.1893	10.499
39.3155	10.5217
42.5008	11.5867
43.8146	10.953
42.8209	10.4532
41.8389	10.1982
42.8883	10.5011
46.4839	10.6686
47.4705	10.7733
36	11.8262
35.666	11.186
37.2206	11.3112
36.9207	11.1287
38.4936	11.2286
37.355	10.7045
38.8556	11.0492
40.0411	11.0453
41.6024	11.3206
43.4953	11.891
44.5721	11.7179
45.3488	11.1678
44.2684	10.8946
43.359	11.8587
48.4152	11.3513
48.4163	10.3691
37.386	12.3793
38.6502	12.4963
39.5468	12.0629
42.5715	12.4004
41.5619	12.1477
41.7488	11.4649
