-2.61003	0.423864
0.126055	-0.33303
1.88373	0.0328107
2.16387	-0.238883
2.7682	-0.353866
3.73767	-0.51329
7.89363	0.466168
9.15138	0.68927
10.329	0.897377
9.11496	0.319894
8.83167	0.17801
8.87228	-0.347727
10.0469	-0.487071
11.5082	-0.226324
13.2826	0.0553802
14.1094	-0.226489
56.721	12.9774
1.87045	0.170953
3.28515	0.324503
4.35181	0.223417
6.67017	0.816507
5.85812	-0.0151068
9.65683	0.937412
10.9011	1.23879
12.1055	1.40753
11.1637	0.814729
13.224	0.890848
11.9103	0.0998249
13.5072	0.383163
14.7705	0.587944
15.6855	0.544977
57.6441	12.6813
4.27597	1.61689
3.3943	0.732874
54.8625	12.9429
5.75082	0.929349
6.40561	1.67827
9.04757	1.4222
11.4785	1.22352
11.0503	1.33667
12.2244	1.65379
14.2321	2.09012
14.3234	1.55214
15.7264	1.82629
17.0291	1.65632
16.3407	1.10511
52.9241	12.8078
18.4406	1.31179
5.15205	1.14349
9.84171	2.16908
8.43544	1.72388
12.6446	2.67236
10.8528	2.16567
10.5994	1.39959
12.2188	1.74341
13.8545	2.11992
16.119	2.6958
16.2915	2.35238
16.4085	2.02128
17.2859	2.13447
17.8929	1.51533
19.089	1.86998
20.6242	2.05258
22.0934	1.88965
8.65392	2.66415
11.395	2.6608
12.8846	3.13148
10.9591	2.4566
14.9926	3.23217
16.6134	3.34213
17.9984	3.43613
18.2736	3.58019
19.1213	3.54483
51.6431	12.4977
18.2943	3.16669
18.4104	2.47782
19.1061	2.23517
20.2058	2.36199
21.6438	2.66612
22.6461	2.3919
12.3887	3.5946
14.5157	4.08703
15.371	3.97974
16.1879	4.49606
16.9706	3.83323
18.2379	4.23674
19.2694	3.93677
20.767	4.18778
22.3047	4.44509
20.2563	3.79195
51.7719	13.5031
20.5235	2.87483
25.6359	4.27575
24.5839	3.66943
23.4175	3.36796
23.4294	3.10076
14.869	4.23814
15.2866	3.49268
16.404	4.52422
17.3779	4.59774
18.4862	4.41309
17.2111	4.80346
31.616	7.85449
32.4055	7.14385
32.959	6.35519
27.044	5.73963
28.7645	6.06411
30.4816	6.22741
23.209	3.61074
28.1961	4.90457
50.587	13.3136
48.9757	12.8957
17.3379	4.87874
18.3496	5.02324
19.488	5.02114
20.0675	5.25344
45.7795	12.74
44.9176	12.7352
32.5395	8.02886
33.2465	7.22992
29.5098	6.47998
29.5675	6.46787
43.6121	12.7421
32.1247	6.3838
30.2546	5.67964
32.1725	6.01411
40.6976	8.3581
33.407	5.88396
18.5669	5.20621
19.706	5.5086
20.528	5.56331
22.862	6.14192
24.3306	6.52471
31.6391	8.41124
32.9201	8.68859
33.5985	8.01922
33.8047	8.20802
32.159	7.27538
33.9291	7.78526
34.6443	7.07448
33.5713	6.77933
36.4133	7.19737
39.5715	8.0659
41.6459	8.60856
29.7662	9.64857
22.1359	6.15481
24.5277	6.79085
25.6743	6.87491
30.4651	8.14276
32.7847	8.68697
34.0575	8.93537
42.3542	12.5877
34.4117	8.9899
34.8949	8.14132
35.9919	8.12424
36.5998	7.27568
38.1529	7.69756
41.1861	8.54818
43.0755	9.04333
44.0584	9.23988
31.0564	9.98926
42.2611	13.191
29.4938	8.26998
28.028	7.8494
28.9	7.72834
31.6405	8.50933
34.867	8.31901
35.633	9.25605
37.0885	9.53664
36.6038	9.05108
37.0544	8.46911
39.0957	8.99558
52.523	12.1465
42.3149	8.8932
43.3379	9.20073
45.3728	9.62311
33.1381	10.5412
29.9108	8.88263
30.8437	8.65696
34.258	9.63605
36.0044	9.90931
34.3397	9.31894
36.3145	9.785
48.1534	11.5038
38.6677	9.84108
50.5675	12.167
42.0251	9.77115
41.187	9.58946
42.1039	9.80499
49.5663	11.8766
46.0056	10.0092
47.9958	10.3073
34.8071	10.9839
36.2887	11.0984
47.5358	12.5221
37.0756	10.5525
38.2434	10.5728
37.4571	10.2754
38.1137	10.2198
39.803	10.5866
40.9121	10.568
44.2378	11.6395
45.4157	10.9542
44.4365	10.4247
43.4372	10.2074
44.5213	10.5063
48.1817	10.6687
49.1751	10.7561
37.8823	11.8353
37.4398	11.1873
39.0101	11.3087
38.6275	11.1042
40.2137	11.2347
39.0141	10.7211
40.5338	11.0491
41.7244	11.0959
43.3116	11.3678
45.2617	11.9367
46.2764	11.5938
47.0896	11.1383
45.9348	10.894
45.129	11.8939
50.2098	11.3591
50.1347	10.3824
39.337	12.3893
40.6112	12.4988
41.4773	12.059
44.4742	12.1742
43.4355	12.1692
43.4765	11.5065
