-2.68478	0.408638
0.0863948	-0.342845
1.8876	0.0159218
2.15502	-0.246629
2.71369	-0.371549
3.69324	-0.4746
7.98224	0.493546
9.24612	0.694205
10.4296	0.881314
9.15321	0.326376
8.82439	0.176394
8.78328	-0.331791
9.92652	-0.467371
11.4239	-0.204064
13.2413	0.0743302
14.0606	-0.223026
58.8255	12.9759
1.91921	0.178679
3.33193	0.303609
4.39765	0.209808
6.79392	0.790495
5.8877	0.0283234
9.80163	0.954446
11.0657	1.24478
12.2614	1.37912
11.2545	0.812926
13.3198	0.892565
11.8985	0.127207
13.522	0.396876
14.8144	0.600248
15.7199	0.543902
59.7656	12.6995
4.48174	1.61863
3.53742	0.760161
56.9264	12.959
5.88477	0.902685
6.53638	1.65438
9.26468	1.4022
11.6832	1.22589
11.2346	1.34273
12.4248	1.64516
14.4721	2.05857
14.5207	1.53871
15.9551	1.82113
17.2458	1.54251
16.4784	1.10787
54.9495	12.8421
18.6132	1.31577
5.36162	1.18191
10.1962	2.16025
8.72874	1.71275
13.0622	2.64033
11.1847	2.12161
10.8044	1.40373
12.4338	1.73073
14.1019	2.09775
16.4423	2.6641
16.6099	2.32897
16.6509	1.99298
17.5393	2.13404
18.1204	1.50959
19.3518	1.8647
20.9057	2.0519
22.3724	1.91182
9.0462	2.67172
11.8112	2.65273
13.3623	3.12494
11.3546	2.44521
15.5161	3.20717
17.1566	3.32493
18.5615	3.42577
18.8123	3.83351
19.5997	3.51758
53.6158	12.5391
18.7341	3.13244
18.6902	2.43332
19.3935	2.21653
20.5175	2.33222
22.0135	2.64274
22.98	2.39518
12.9504	3.59709
15.138	4.07683
15.9894	3.9889
16.8438	4.49989
17.582	3.80671
18.8469	4.21084
19.8674	3.90858
21.3831	4.16124
22.9389	4.42019
20.7931	3.76288
53.9291	13.5153
20.8735	2.82988
26.2326	4.21906
25.1194	3.64111
23.8764	3.29632
23.8025	3.05827
15.5417	4.23809
15.8889	3.45738
17.0864	4.50411
18.0681	4.59541
19.1793	4.40263
17.8201	4.77754
33.0715	7.89208
33.8683	7.18956
34.4401	6.41417
27.9446	5.73882
29.7274	6.06677
31.4783	6.22035
23.6829	3.55813
28.946	4.87439
52.7389	13.3213
51.0741	12.904
18.1215	4.87627
19.1336	5.01135
20.2512	5.2795
20.8589	5.23691
47.8761	12.7731
47.0059	12.7264
33.9929	8.07719
34.7098	7.29458
30.5214	6.48495
30.5652	6.46666
45.7163	12.7361
33.1552	6.36756
31.1454	5.65461
33.1517	5.99747
42.0979	8.3597
34.2272	5.87245
19.3892	5.19782
20.5667	5.49554
21.4023	5.5556
23.8375	6.13978
25.3671	6.52806
33.0551	8.45886
34.3606	8.74421
35.0519	8.08822
35.2188	8.29916
33.2822	7.28432
35.1433	7.81135
35.7904	7.05739
34.66	6.76079
37.6225	7.19133
40.9383	8.0678
43.0798	8.60987
31.3697	9.6563
23.1087	6.13925
25.6125	6.77325
26.7717	6.88455
31.8401	8.18189
34.2176	8.735
35.5225	8.99848
44.4393	12.5773
35.8333	9.07512
36.1617	8.15545
37.2553	8.12422
37.8139	7.25395
39.4368	7.68623
42.6139	8.54381
44.5913	9.04047
45.5916	9.24588
32.7297	10.0012
44.3887	13.1792
30.8431	8.25435
29.3119	7.83317
30.194	7.76047
33.0584	8.53739
36.2206	8.25837
37.1553	9.33936
38.637	9.59348
38.032	9.08917
38.3578	8.44605
40.4774	8.98945
54.4777	12.1586
43.7826	8.88586
44.8446	9.19283
46.9576	9.62023
34.8598	10.5421
31.3157	8.82526
32.258	8.64322
35.8655	9.63496
37.6599	9.9249
35.9022	9.343
37.932	9.80167
49.9441	11.5262
40.2428	9.86887
52.4801	12.2001
43.5038	9.76556
42.6684	9.5922
43.5868	9.80106
51.4239	11.9261
47.6287	10.0024
49.6972	10.3097
36.5952	10.982
38.1055	11.0954
49.581	12.5297
38.8286	10.5499
39.9762	10.5904
39.1792	10.2795
39.8193	10.2622
41.5603	10.6415
42.6517	10.5906
46.1766	11.6494
46.8095	11.0952
46.0069	10.423
45.0229	10.2187
46.1484	10.5185
49.9195	10.6685
50.9214	10.7417
39.8347	11.8441
39.2853	11.1839
40.8843	11.304
40.4387	11.0591
42.0454	11.2303
40.7879	10.7141
42.3441	11.0189
43.5606	11.1183
45.1995	11.3858
47.2506	11.9415
47.8375	10.9576
48.7824	11.1926
47.6039	10.9046
47.0708	11.9038
52.0555	11.3668
51.8931	10.4008
41.3651	12.3939
42.6583	12.5047
43.4984	12.0572
46.4667	12.0272
45.4392	12.18
45.3656	11.5222
