-2.75267	0.396859
0.0371811	-0.354217
1.88168	-0.00299248
2.13273	-0.259718
2.63405	-0.394119
3.63106	-0.443433
8.06042	0.517117
9.32664	0.695442
10.5122	0.861632
9.16615	0.324993
8.78849	0.167972
8.69582	-0.31367
9.83314	-0.435723
11.3665	-0.173361
13.2163	0.101332
14.0204	-0.217787
61.0425	12.9798
1.9651	0.186882
3.3687	0.280167
4.42956	0.190108
6.9031	0.758327
5.90741	0.0659237
9.93875	0.970306
11.2221	1.25173
12.4048	1.34994
11.3312	0.808271
13.43	0.901127
11.9107	0.160721
13.5608	0.418749
14.876	0.621687
15.769	0.547013
61.9999	12.7249
4.70492	1.6202
3.69144	0.789798
59.1089	12.9829
6.01005	0.872463
6.65931	1.62619
9.47493	1.37595
11.8842	1.2341
11.4138	1.34964
12.6199	1.6385
14.7078	2.02771
14.7243	1.5314
16.1956	1.82262
17.5044	1.31709
16.6377	1.11908
57.1257	12.8837
18.8043	1.3225
5.58904	1.22369
10.555	2.14617
9.02244	1.69668
13.484	2.5988
11.512	2.06602
11.0065	1.41702
12.6449	1.72361
14.3474	2.07883
16.7694	2.63444
16.9403	2.30492
16.9041	1.98153
17.8078	2.14159
18.3647	1.51279
19.6355	1.86616
21.21	2.05539
22.6747	1.93553
9.46398	2.68177
12.2355	2.63906
13.8519	3.11245
11.7556	2.42767
16.0514	3.17327
17.7149	3.30103
19.1429	3.4107
19.4397	4.03032
20.0959	3.49249
55.7473	12.5851
19.1915	3.09074
18.9846	2.41532
19.6957	2.20942
20.8465	2.31524
22.4045	2.62665
23.3406	2.40321
13.5389	3.6007
15.7863	4.06758
16.63	3.99216
17.5224	4.49934
18.2093	3.77136
19.4738	4.17681
20.4864	3.87774
22.0255	4.13451
23.6047	4.39757
21.3546	3.73114
56.1732	13.5205
21.2402	2.80414
26.8581	4.17875
25.6842	3.62023
24.3503	3.23746
24.2025	3.01423
16.2433	4.23842
16.5228	3.43099
17.794	4.48464
18.7803	4.58773
19.893	4.38204
18.4464	4.74243
34.572	7.91152
35.3811	7.22334
35.9606	6.45362
28.9039	5.74506
30.7553	6.07817
32.543	6.22487
24.1794	3.52332
29.7388	4.85542
54.9554	13.3148
53.2165	12.8924
18.9362	4.87343
19.9502	4.99941
21.1052	5.26674
21.6724	5.21419
50.0577	12.7971
49.1761	12.7137
35.4915	8.1056
36.2121	7.33939
31.6028	6.49893
31.631	6.47453
47.9135	12.7238
34.2566	6.36559
32.0931	5.6424
34.1867	5.99023
43.5757	8.36609
35.0776	5.85939
20.2425	5.18905
21.4583	5.48197
22.2937	5.5417
24.8393	6.13072
26.4324	6.52317
34.5149	8.49034
35.8477	8.77882
36.5502	8.13476
36.7107	8.34915
34.4861	7.3043
36.453	7.85319
37.0188	7.05646
35.8254	6.75747
38.9004	7.19287
42.381	8.07568
44.5924	8.61555
33.0585	9.66601
24.1127	6.12234
26.7287	6.75342
27.9001	6.88472
33.2556	8.20825
35.6952	8.76432
37.0369	9.03649
46.6169	12.5659
37.3132	9.13447
37.5184	8.17974
38.6301	8.14826
39.1031	7.24026
40.7949	7.68226
44.1207	8.54596
46.1885	9.04438
47.2076	9.25417
34.4906	10.0148
46.6198	13.1634
32.2339	8.23562
30.635	7.81461
31.5251	7.78121
34.5168	8.55547
37.6716	8.24136
38.7337	9.39039
40.238	9.62486
39.5279	9.11875
39.7755	8.4559
42.0017	9.02122
56.5425	12.1781
45.3313	8.88315
46.4336	9.19142
48.6262	9.62217
36.6701	10.5451
32.7647	8.75275
33.716	8.6256
37.5234	9.62763
39.3638	9.9357
37.5065	9.35965
39.5853	9.81259
51.9112	11.5641
41.8668	9.87873
54.5584	12.2445
45.1526	9.83476
44.3248	9.61514
45.2454	9.81441
53.4607	11.9853
49.3393	10.0024
51.4866	10.3156
38.4731	10.9825
40.0077	11.0909
51.6498	12.5118
40.6408	10.5376
41.7648	10.6023
40.9461	10.2871
41.5639	10.292
43.3507	10.6785
44.4194	10.5869
48.102	11.6256
48.7298	11.0454
47.7875	10.5125
46.8032	10.2516
47.9667	10.55
51.7501	10.6753
52.7572	10.7338
41.8847	11.8549
41.2117	11.1759
42.835	11.2906
42.302	10.9999
43.9323	11.2186
42.5988	10.7072
44.1769	10.9872
45.4154	11.1205
47.0914	11.3725
49.2101	11.9051
49.7699	10.9095
50.6864	11.2658
49.4603	10.9343
49.0272	11.8869
54.0026	11.3817
53.7432	10.4371
43.4983	12.402
44.803	12.511
45.6089	12.0467
48.5115	11.8824
47.5174	12.1835
47.2713	11.5143
