-2.81997	0.382881
-0.0154743	-0.365713
1.87349	-0.0215286
2.10676	-0.272548
2.54642	-0.41322
3.57009	-0.416722
8.14615	0.538607
9.41229	0.696512
10.5976	0.843549
9.17921	0.323804
8.74888	0.158271
8.60732	-0.304302
9.74179	-0.408923
11.3131	-0.146957
13.1953	0.125864
13.9807	-0.216545
63.3722	12.9835
2.01367	0.194553
3.40445	0.257426
4.45928	0.171815
7.01076	0.728093
5.93496	0.0987382
10.085	0.986273
11.3871	1.26088
12.5534	1.32249
11.4113	0.803561
13.5478	0.908949
11.9303	0.189527
13.6082	0.43752
14.9459	0.641954
15.824	0.546362
64.3472	12.7505
4.94289	1.61607
3.85757	0.81725
61.4043	13.0048
6.13707	0.843693
6.78297	1.6003
9.69111	1.34974
12.0982	1.24696
11.604	1.35823
12.8255	1.63431
14.9535	1.998
14.9365	1.5262
16.4484	1.82722
17.715	1.32116
16.8116	1.129
59.4191	12.9191
19.0077	1.3248
5.83307	1.26427
10.9278	2.1315
9.32639	1.68051
13.9183	2.55404
11.8422	2.00711
11.2226	1.43965
12.8681	1.7219
14.6054	2.06272
17.1114	2.60534
17.2813	2.27607
17.1689	1.9825
18.0904	2.15362
18.6117	1.51197
19.9314	1.86522
21.5303	2.0553
22.9979	1.95457
9.90657	2.68867
12.6776	2.6243
14.3631	3.09835
12.1715	2.40885
16.6066	3.13544
18.2951	3.27362
19.7482	3.39254
20.1207	4.15516
20.6145	3.46529
57.9953	12.6233
19.6617	3.03731
19.2936	2.42027
20.0077	2.20102
21.1867	2.29926
22.8099	2.6104
23.7239	2.40766
14.1586	3.60266
16.467	4.05834
17.3028	3.99317
18.2353	4.49782
18.8615	3.73118
20.1261	4.13601
21.1313	3.84299
22.6959	4.10342
24.3005	4.37013
21.9375	3.69106
58.5295	13.5133
21.6204	2.78915
27.5064	4.14479
26.2709	3.60009
24.8337	3.18663
24.6273	2.95531
16.9808	4.23783
17.1933	3.41025
18.5352	4.4666
19.5274	4.5787
20.6398	4.35644
19.099	4.70217
36.1497	7.93188
36.9658	7.25196
37.5541	6.48895
29.9118	5.7462
31.8356	6.08449
33.6602	6.22516
24.6941	3.49707
30.5653	4.83788
57.2803	13.3103
55.4625	12.8865
19.7916	4.8704
20.8068	4.98806
22.001	5.25419
22.5245	5.18989
52.3502	12.8169
51.4533	12.7057
37.0688	8.12809
37.792	7.37849
32.7411	6.50755
32.752	6.47717
50.2184	12.7114
35.4108	6.36021
33.0841	5.6292
35.2687	5.98321
45.1251	8.37085
35.9691	5.84459
21.1382	5.18063
22.3941	5.46923
23.2289	5.52773
25.8907	6.12077
27.5505	6.51689
36.0506	8.51789
37.4134	8.80726
38.1268	8.17523
38.29	8.3885
35.7553	7.31866
37.8369	7.88838
38.3069	7.05013
37.0471	6.74962
40.2387	7.19346
43.8933	8.0823
46.1786	8.61947
34.8308	9.67349
25.1663	6.107
27.9001	6.7359
29.0848	6.88303
34.7435	8.23214
37.25	8.78853
38.6326	9.06636
48.9005	12.5565
38.8931	9.17347
38.9496	8.19859
40.0799	8.16516
40.4519	7.22293
42.2173	7.67659
45.7001	8.54749
47.8634	9.04822
48.9031	9.26006
36.3391	10.0263
48.9635	13.1443
33.6943	8.22012
32.0247	7.79938
32.9231	7.79973
36.0491	8.57288
39.2373	8.24825
40.3997	9.42998
41.926	9.64922
41.1082	9.1409
41.2684	8.46242
43.6116	9.04295
58.7129	12.1963
46.9543	8.88266
48.0998	9.18989
50.3767	9.62332
38.5703	10.5468
34.2885	8.663
35.2469	8.61107
39.2638	9.62283
41.1533	9.94942
39.1911	9.37776
41.3199	9.82698
53.9862	11.5993
43.5769	9.88636
56.7497	12.2823
46.9023	9.86992
46.0719	9.64376
46.9978	9.81685
55.6105	12.0252
51.1339	10.0023
53.3649	10.3204
40.4443	10.9822
42.004	11.0859
53.8172	12.5028
42.5419	10.5265
43.6463	10.6148
42.7997	10.3036
43.3972	10.3226
45.2332	10.7168
46.2761	10.586
50.1173	11.6168
50.7112	11.0336
49.6813	10.562
48.6826	10.2892
49.8855	10.5859
53.6717	10.6818
54.6833	10.7271
44.0379	11.8649
43.2331	11.1677
44.8815	11.2773
44.2463	10.9481
45.9097	11.2105
44.4956	10.7101
46.0935	10.9724
47.3596	11.1303
49.0738	11.3696
51.2587	11.8888
51.7797	10.8894
52.6977	11.304
51.4193	10.9652
51.0771	11.8794
56.0481	11.3957
55.6844	10.4862
45.7395	12.4097
47.0552	12.5175
47.8234	12.0348
50.6514	11.7743
49.6986	12.1881
49.2685	11.5149
