-2.88789	0.369338
-0.0724252	-0.374501
1.86241	-0.0370153
2.07655	-0.282554
2.45082	-0.428249
3.5094	-0.394443
8.23924	0.557122
9.50332	0.696147
10.6864	0.825477
9.19296	0.320898
8.70606	0.146211
8.51609	-0.299142
9.65058	-0.382866
11.2616	-0.121358
13.1768	0.150716
13.94	-0.216011
65.8196	12.99
2.06447	0.204505
3.43877	0.237945
4.48661	0.156848
7.11749	0.70199
5.96928	0.126348
10.2409	1.00101
11.5614	1.27089
12.7078	1.29534
11.4955	0.797635
13.6733	0.917267
11.9555	0.216958
13.6617	0.456194
15.0224	0.663516
15.8838	0.545161
66.8124	12.7804
5.19585	1.60958
4.0357	0.845529
63.8169	13.0276
6.26543	0.818915
6.90761	1.57867
9.91363	1.32605
12.3286	1.25721
11.806	1.36646
13.0425	1.63063
15.2095	1.9684
15.1593	1.52269
16.7177	1.8352
17.9382	1.327
16.9968	1.13996
61.8336	12.9524
19.2239	1.32611
6.09341	1.30658
11.314	2.11935
9.63989	1.66724
14.3632	2.5117
12.1722	1.95232
11.4561	1.46374
13.1053	1.72092
14.8767	2.0471
17.4683	2.57609
17.6296	2.24515
17.4513	1.99161
18.3936	2.17049
18.873	1.51273
20.2438	1.86592
21.869	2.05533
23.3421	1.97208
10.3744	2.6953
13.1369	2.61165
14.8953	3.08598
12.6011	2.39236
17.1799	3.0985
18.8955	3.24704
20.3757	3.3752
20.8257	4.21875
21.1546	3.43666
60.3635	12.6594
20.1358	2.9781
19.6269	2.44016
20.3386	2.19532
21.5447	2.28674
23.2345	2.59735
24.1304	2.41169
14.8101	3.60538
17.1808	4.05117
18.0077	3.99498
18.9829	4.49785
19.5373	3.69023
20.8023	4.09174
21.8003	3.80775
23.3922	4.07076
25.0242	4.34003
22.5363	3.64678
61.0022	13.4986
22.0232	2.78316
28.1841	4.11778
26.8842	3.58406
25.3335	3.14527
25.0784	2.87789
17.7553	4.23846
17.9014	3.39662
19.3109	4.4517
20.3093	4.57097
21.4193	4.32926
19.7768	4.66075
37.8085	7.94662
38.6323	7.276
39.2286	6.51925
30.9678	5.74437
32.9681	6.08815
34.8307	6.22459
25.2348	3.47887
31.4303	4.82442
59.7201	13.3046
57.8191	12.8811
20.6889	4.86907
21.7046	4.97893
22.94	5.24355
23.4155	5.16628
54.7587	12.833
53.8429	12.7019
38.7272	8.14478
39.4514	7.41267
33.9363	6.51278
33.9283	6.47668
52.6356	12.7018
36.6191	6.35569
34.1212	5.61853
36.4017	5.97959
46.7492	8.37778
36.9031	5.82981
22.0777	5.17434
23.3755	5.45896
24.2092	5.5153
26.9929	6.11141
28.7231	6.51031
37.6648	8.54116
39.06	8.82982
39.7842	8.21026
39.9769	8.40867
37.0902	7.32917
39.2961	7.91862
39.6551	7.04385
38.3258	6.74224
41.6404	7.19685
45.4785	8.09135
47.8416	8.62548
36.6901	9.68264
26.2712	6.09466
29.1284	6.72189
30.3275	6.8802
36.3066	8.25291
38.8844	8.80759
40.3115	9.08891
51.2951	12.5529
40.5977	9.17965
40.4564	8.21341
41.6052	8.17865
41.8611	7.20883
43.7061	7.67382
47.3555	8.55182
49.6196	9.05509
50.6814	9.26755
38.2789	10.0394
51.4242	13.1241
35.2272	8.20911
33.4834	7.78879
34.3907	7.81554
37.6584	8.58821
40.9089	8.26553
42.1545	9.45987
43.703	9.66597
42.7741	9.15494
42.8373	8.46911
45.3064	9.06072
60.9931	12.2158
48.6554	8.88496
49.8465	9.19115
52.2126	9.62705
40.5641	10.5505
35.8968	8.52664
36.8536	8.60086
41.0906	9.62164
43.0333	9.96303
40.9607	9.39483
43.1413	9.84116
56.1715	11.6326
45.3763	9.88867
59.0576	12.3173
48.7478	9.89317
47.9111	9.67228
48.8442	9.8009
57.8757	12.0585
53.0162	10.0048
55.3357	10.3275
42.5128	10.9844
44.0986	11.0838
56.0909	12.4959
44.536	10.5197
45.6254	10.6236
44.7461	10.3229
45.3242	10.351
47.2125	10.7532
48.2267	10.5819
52.2307	11.6124
52.7845	11.0379
51.6808	10.5963
50.6621	10.326
51.9064	10.6207
55.6882	10.6907
56.7038	10.7243
46.2987	11.8774
45.3535	11.1624
47.028	11.2674
46.276	10.9114
47.983	11.2048
46.4854	10.7172
48.1023	10.9674
49.4002	11.1419
51.1538	11.3688
53.4059	11.8797
53.885	10.8806
54.818	11.3294
53.4826	10.9949
53.2278	11.874
58.1959	11.4117
57.7197	10.5557
48.0934	12.4198
49.4196	12.5271
50.1462	12.0247
52.9051	11.7053
51.9882	12.1934
51.3642	11.5175
