-2.95646	0.356478
-0.134471	-0.380274
1.84793	-0.0489913
2.04161	-0.288964
2.34687	-0.439254
3.44719	-0.375522
8.3383	0.572837
9.59863	0.694026
10.7778	0.806615
9.2065	0.315381
8.6591	0.131317
8.42104	-0.296797
9.55898	-0.357143
11.2119	-0.0962112
13.161	0.176056
13.8984	-0.215596
68.3909	12.9996
2.11716	0.217014
3.47142	0.222315
4.51143	0.145897
7.22379	0.680992
6.00833	0.149642
10.4054	1.01402
11.7441	1.28121
12.8674	1.26769
11.5831	0.789868
13.8065	0.925909
11.986	0.243283
13.7216	0.474816
15.106	0.686444
15.9485	0.543657
69.402	12.8158
5.46397	1.60151
4.22577	0.874832
66.3526	13.0517
6.39528	0.798992
7.03345	1.56213
10.1427	1.30652
12.5757	1.26002
12.0192	1.37304
13.2703	1.62634
15.4754	1.93858
15.3926	1.52029
17.0046	1.84483
18.1756	1.33337
17.1944	1.15162
64.3747	12.9843
19.4533	1.32683
6.36966	1.35047
11.7143	2.11122
9.96354	1.6583
14.8194	2.47603
12.5032	1.90713
11.7072	1.48239
13.3563	1.71726
15.1609	2.03062
17.8397	2.54678
17.9829	2.21721
17.7532	2.00267
18.7193	2.18916
19.1503	1.5139
20.5742	1.86776
22.2271	2.05564
23.7071	1.98854
10.868	2.70212
13.6143	2.60276
15.4495	3.07707
13.0453	2.38025
17.7721	3.0663
19.5167	3.22501
21.0262	3.36234
21.543	4.23884
21.7156	3.40817
62.8574	12.6944
20.6093	2.92383
19.9879	2.46255
20.6915	2.19005
21.9229	2.27629
23.6805	2.58693
24.5603	2.41567
15.4948	3.60943
17.9296	4.04664
18.7462	3.99911
19.7671	4.50033
20.2375	3.65194
21.5028	4.04713
22.4938	3.77555
24.1145	4.03988
25.7753	4.31041
23.1485	3.60525
63.5959	13.4786
22.4523	2.7796
28.8946	4.09517
27.5271	3.57165
25.8534	3.11156
25.5589	2.76075
18.5684	4.24096
18.6484	3.39029
20.1233	4.44057
21.1277	4.56604
22.2327	4.30331
20.4804	4.6216
39.5505	7.96184
40.3813	7.29993
40.9837	6.54799
32.0731	5.74135
34.1544	6.09068
36.056	6.22495
25.8049	3.46422
32.3365	4.81466
62.28	13.2964
60.2914	12.8736
21.6304	4.8701
22.6458	4.97279
23.9245	5.23561
24.3477	5.145
57.2875	12.8467
56.3498	12.7019
40.4699	8.15653
41.1867	7.44611
35.1902	6.51557
35.1615	6.47414
55.1703	12.696
37.8834	6.35407
35.2069	5.61127
37.5886	5.97993
48.4515	8.38865
37.8818	5.81552
23.0633	5.1708
24.405	5.45177
25.237	5.50534
28.1489	6.10378
29.9533	6.50453
39.3606	8.5608
40.7904	8.84747
41.5256	8.24112
41.8107	8.38359
38.4931	7.33595
40.8337	7.94308
41.0649	7.04092
39.6633	6.73807
43.1086	7.20462
47.1397	8.10453
49.5847	8.63533
38.6402	9.69506
27.4304	6.08593
30.4171	6.71196
31.6318	6.87728
37.9483	8.27104
40.6016	8.82234
42.0761	9.10539
53.8057	12.5563
42.5181	9.07597
42.0415	8.22366
43.209	8.18956
43.3323	7.20263
45.2643	7.67663
49.09	8.56083
51.4606	9.06657
52.5461	9.2784
40.314	10.0556
54.0066	13.1017
36.8435	8.20457
35.0155	7.78341
35.9319	7.82928
39.3485	8.60159
42.6819	8.28818
43.9999	9.48162
45.5712	9.67448
44.5281	9.15836
44.4855	8.47734
47.089	9.07663
63.3884	12.2373
50.4383	8.89184
51.6775	9.19686
54.1377	9.63481
42.6558	10.5578
37.5834	8.37454
38.5362	8.5943
43.0059	9.62361
45.0066	9.97586
42.8186	9.41041
45.0534	9.85406
58.4723	11.6643
47.2675	9.88268
61.4877	12.3506
50.6907	9.91135
49.8464	9.69972
50.7865	9.75976
60.2613	12.0887
54.9902	10.0113
57.4032	10.3383
44.6831	10.99
46.2956	11.0852
58.476	12.4876
46.6266	10.5173
47.7039	10.6296
46.7895	10.342
47.3486	10.3772
49.2926	10.7878
50.2744	10.5704
54.4477	11.607
54.9627	11.0459
53.7874	10.6238
52.7459	10.3613
54.034	10.654
57.8041	10.7032
58.8233	10.7262
48.672	11.893
47.5773	11.1608
49.2786	11.2612
48.3984	10.8879
50.157	11.2012
48.573	10.726
50.2091	10.9674
51.542	11.1526
53.3362	11.3654
55.6575	11.8712
56.0964	10.8763
57.0512	11.349
55.6545	11.0231
55.4841	11.8671
60.4511	11.4303
59.8507	10.6564
50.5655	12.4332
51.9013	12.5403
52.5818	12.0173
55.2844	11.6701
54.3907	12.1994
53.5634	11.519
