0.0216325	0.300752
0.855321	0.127725
2.02003	0.229193
2.79965	0.154683
4.04962	0.130961
4.92967	-0.190211
5.99617	-0.200487
6.86529	-0.178453
7.65309	-0.171521
8.7106	0.066316
9.95445	0.117538
10.7854	0.189394
11.86	0.17013
12.9041	0.268208
13.8888	0.18905
14.832	-0.0597986
15.4849	12.8771
1.33632	0.835076
2.47303	0.894921
3.66054	0.787754
4.44415	0.938679
5.54792	0.565279
6.33498	0.769825
7.26672	0.700712
8.33788	0.796416
9.26057	0.938282
10.2478	0.980449
11.3719	0.851715
12.2588	0.940971
13.294	0.877368
14.244	1.03841
14.5036	12.8584
-0.0465401	1.65611
1.03993	1.72976
13.372	12.8624
3.05787	1.80525
4.05114	1.74995
4.86212	1.6911
5.99693	1.81047
6.93601	1.56656
7.77406	1.76684
9.02866	1.84829
9.8294	1.75558
10.6365	1.89428
12.0421	1.71968
12.9238	1.73948
12.6441	12.9149
14.8447	1.67672
0.364609	2.79842
1.35395	2.16734
2.3833	2.49716
3.578	2.40544
4.46972	2.49885
5.42281	2.49913
6.4458	2.59587
7.37111	2.82755
8.40608	2.63954
9.22661	2.72174
10.508	2.60825
11.3485	2.54285
12.327	2.5472
13.3419	2.48598
14.4688	2.6801
15.3361	2.47708
-0.0319257	3.28654
0.82701	3.28437
1.995	3.27284
2.9238	3.55571
3.82071	3.45296
5.083	3.43369
6.10924	3.43185
6.98415	3.35318
7.82935	3.2793
11.549	12.8409
10.132	3.47254
10.8977	3.59738
11.8698	3.52883
12.796	3.48493
13.965	3.17115
15.0445	3.34852
0.440471	4.35786
1.62736	4.20887
2.59063	4.27249
3.45407	4.16689
4.53832	4.26532
5.61912	4.27456
6.48745	4.28701
7.39444	4.19557
8.34653	4.19265
9.51171	4.36527
10.5549	12.9817
11.4495	4.33928
12.2558	4.55159
13.6163	4.25792
14.3509	4.50662
15.3743	4.35221
0.18044	5.18922
1.00213	4.95496
1.92982	5.11083
2.86644	5.05392
4.13114	5.0918
4.89648	5.19841
6.07158	5.0815
7.12068	5.24816
8.08207	5.18468
9.08814	4.97675
10.0041	5.35044
11.0445	4.87182
11.9369	5.1301
12.8815	5.26904
9.69246	12.7287
8.58326	13.0304
0.505933	5.98445
1.43433	5.89113
2.57049	5.96333
3.49973	6.12047
4.65559	12.8451
3.6992	12.8377
6.47894	5.92844
7.59328	5.96501
8.67227	5.86556
9.66001	5.96798
2.60168	12.8762
11.5664	5.80699
12.3657	6.26721
13.4724	6.01714
14.5781	5.99969
15.3149	5.98772
0.112655	7.01331
1.10013	6.81092
1.84172	6.88237
3.07297	6.83682
3.99791	7.00145
5.09522	6.90208
6.22856	6.64776
7.17873	6.72331
8.0024	7.01421
9.20838	6.90862
9.84324	6.78248
11.0068	6.76934
11.9114	7.11905
12.951	7.12866
14.0612	6.96261
14.8999	6.85117
0.586051	7.86311
1.56912	7.59232
2.44003	7.55128
3.62642	7.72172
4.62479	7.68201
5.6491	7.77533
6.62129	7.58321
1.60318	12.7743
8.51933	7.85837
9.47604	7.66272
10.3644	7.50058
11.549	7.68801
12.3209	7.60169
13.6087	7.74133
14.4353	7.61481
15.6391	7.69926
0.301234	8.31889
0.738665	12.8494
2.08585	8.72083
3.03702	8.56492
4.0048	8.58661
5.06469	8.58207
6.23431	8.52381
7.00154	8.67159
8.02024	8.48082
9.08594	8.49903
9.94983	8.56741
10.9794	8.60868
14.0854	11.9482
13.0108	8.63408
13.9627	8.49415
15.0189	8.48536
0.711971	9.57334
1.64503	9.31664
2.60224	9.38719
3.59185	9.32138
4.78982	9.36203
5.53917	9.4158
6.72025	9.47631
13.13	12.0192
8.53073	9.52505
12.0568	12.0393
10.4358	9.72365
11.4446	9.41354
12.3824	9.3272
11.1619	12.1962
14.5499	9.61433
15.5644	9.34957
0.277544	10.3569
1.36751	10.2065
9.00529	12.1543
3.17935	10.1949
4.04357	10.4159
5.07888	10.2816
6.00881	10.1725
6.94056	10.2851
8.08803	10.2796
9.00362	10.4454
10.0494	10.3468
11.1483	10.2831
12.1185	9.99808
12.9992	10.106
14.1372	10.2418
14.9108	10.3483
0.686734	11.126
1.38198	10.9752
2.57116	10.9857
3.52579	11.1238
4.61641	10.9677
5.55854	11.0231
6.64228	11.259
7.51701	11.1207
8.62912	11.2153
9.56724	11.219
10.704	11.1793
11.6878	11.3049
12.6594	11.2865
8.03395	12.2064
14.5926	10.9365
15.5467	11.1582
0.172905	11.9501
1.20383	12.0634
2.2291	12.0585
2.98658	11.9184
4.01735	12.0467
7.12701	12.0636
