-3.02185	0.339538
-0.198032	-0.387354
1.83396	-0.0617079
2.0061	-0.295605
2.23868	-0.450154
3.38632	-0.362126
8.44655	0.583317
9.70174	0.687221
10.8757	0.783592
9.2234	0.304012
8.61156	0.110673
8.32575	-0.299942
9.47099	-0.335926
11.1683	-0.0753907
13.1523	0.198315
13.8599	-0.219152
71.0966	13.0083
2.17567	0.227737
3.50664	0.206363
4.53815	0.135201
7.33461	0.66148
6.05473	0.166551
10.5821	1.02273
11.9394	1.28931
13.0364	1.23607
11.6779	0.776964
13.9519	0.931056
12.026	0.264658
13.7925	0.489494
15.2014	0.707209
16.0227	0.538097
72.1268	12.8543
5.75121	1.58906
4.43166	0.900827
69.0218	13.0736
6.53139	0.77983
7.16491	1.54682
10.3831	1.28804
12.8423	1.25277
12.247	1.37505
13.5125	1.6187
15.7555	1.9055
15.6411	1.51527
17.3131	1.85104
18.4322	1.33629
17.4092	1.16008
67.0527	13.011
19.7007	1.32347
6.66514	1.39098
12.1341	2.10311
10.3027	1.64969
15.2939	2.44436
12.8432	1.86879
11.978	1.49109
13.6242	1.70764
15.4619	2.0104
18.2303	2.51477
18.3482	2.19164
18.0787	2.00893
19.0713	2.20342
19.4486	1.5114
20.928	1.86676
22.61	2.05252
24.096	2.00055
11.3881	2.70493
14.1152	2.59362
16.0313	3.0676
13.51	2.36869
18.3897	3.03655
20.1656	3.20543
21.7064	3.35198
22.2766	4.22571
22.3036	3.37772
65.4876	12.724
21.0916	2.87707
20.3799	2.47714
21.0713	2.18046
22.3268	2.26371
24.1542	2.57518
25.0199	2.41573
16.2152	3.61063
18.7168	4.04053
19.5233	4.00124
20.5935	4.49984
20.9679	3.61439
22.2339	3.9997
23.2186	3.74476
24.8698	4.00918
26.5611	4.27969
23.7824	3.567
66.3201	13.4524
22.9123	2.7716
29.6444	4.07259
28.2061	3.55909
26.401	3.08069
26.077	2.55716
19.4237	4.24105
19.438	3.38675
20.977	4.42896
21.9881	4.55965
23.086	4.27617
21.2163	4.58267
41.3643	8.14638
42.1788	7.46453
42.6694	6.63532
33.2352	5.73418
35.4021	6.08919
37.3437	6.22404
26.41	3.44754
33.2909	4.80539
64.9697	13.2821
62.8892	12.8602
22.6207	4.8692
23.6353	4.96557
24.9595	5.22644
25.3267	5.12255
59.9463	12.8556
58.984	12.7014
42.304	8.16074
42.9159	7.52249
36.5106	6.51212
36.4595	6.46595
57.8328	12.6905
39.2112	6.35381
36.3484	5.60506
38.8369	5.98181
50.2404	8.4017
38.9101	5.79717
24.0998	5.16566
25.4875	5.44329
26.3175	5.49397
29.3643	6.09419
31.247	6.49608
41.1451	8.57391
42.6114	8.85755
43.3579	8.26522
43.5129	8.47723
39.9723	7.33432
42.4583	7.95576
42.5441	7.0409
41.0671	6.73622
44.6513	7.21516
48.8853	8.12016
51.4166	8.64717
40.6902	9.70848
28.6492	6.07633
31.7722	6.70161
33.0035	6.871
39.6757	8.28357
42.4086	8.82998
43.9335	9.11316
56.4433	12.5632
44.3979	8.92051
43.7132	8.22408
44.9	8.19385
44.8733	7.20565
46.8999	7.68437
50.9124	8.57298
53.3953	9.08061
54.506	9.29058
42.4535	10.0725
56.7195	13.0718
38.5477	8.20105
36.6272	7.77835
37.5532	7.83797
41.1264	8.60993
44.5591	8.31115
45.943	9.49293
47.5378	9.67056
46.3769	9.14433
46.2222	8.48367
48.9685	9.08719
65.9092	12.2577
52.3115	8.9016
53.6014	9.20516
56.1612	9.64428
44.8548	10.5656
39.3186	8.37058
40.3031	8.58718
45.0183	9.62462
47.0816	9.98483
44.7727	9.42135
47.0647	9.86229
60.8984	11.6901
49.2577	9.86211
64.0499	12.3782
52.7397	9.9224
51.8873	9.72164
52.8284	9.68095
62.7771	12.1125
57.0652	10.0196
59.5767	10.3498
46.9646	10.9961
48.6047	11.0868
60.9823	12.4735
48.8231	10.5148
49.8895	10.6312
48.9388	10.3568
49.4789	10.3986
51.4825	10.8193
52.4265	10.545
56.7773	11.5949
57.2574	11.0499
56.0097	10.6428
54.9437	10.3905
56.2776	10.6813
60.0288	10.7164
61.0513	10.7296
51.1678	11.9082
49.914	11.1593
51.6429	11.2549
50.6255	10.8699
52.4413	11.1961
50.7681	10.7324
52.4241	10.9671
53.7945	11.159
55.6301	11.3542
58.023	11.8574
58.4254	10.87
59.4066	11.3609
57.9448	11.0455
57.8555	11.8541
62.8233	11.4489
62.0775	10.8139
53.166	12.4459
54.5104	12.5531
55.1399	12.009
57.8005	11.6587
56.9158	12.2031
55.8754	11.5151
