-3.0852	0.326868
-0.266692	-0.390764
1.81726	-0.0705803
1.9673	-0.297992
2.12325	-0.45697
3.32285	-0.349052
8.56006	0.59344
9.80873	0.679641
10.9761	0.759392
9.23922	0.289904
8.55866	0.0875988
8.22481	-0.305511
9.38108	-0.317899
11.1248	-0.0574676
13.1441	0.218379
13.8215	-0.220133
73.9427	13.0231
2.23651	0.240956
3.54154	0.19435
4.56402	0.128773
7.44756	0.647167
6.10437	0.18233
10.7673	1.03203
12.1436	1.30038
13.2109	1.20308
11.7758	0.761851
14.105	0.934818
12.0703	0.282955
13.8688	0.502112
15.3031	0.727126
16.1015	0.532518
74.9931	12.8985
6.05342	1.57745
4.64942	0.927185
71.8213	13.093
6.67129	0.765248
7.29973	1.53642
10.6323	1.27436
13.1235	1.2419
12.4858	1.37731
13.7659	1.6124
16.0467	1.87209
15.9012	1.51001
17.6387	1.85593
18.7031	1.33851
17.6363	1.16768
69.8686	13.0337
19.9617	1.32036
6.97538	1.43057
12.5715	2.09837
10.6554	1.64488
15.786	2.41988
13.1925	1.83969
12.2637	1.49581
13.9052	1.69717
15.7766	1.99068
18.6377	2.48333
18.7256	2.17057
18.4229	2.01291
19.4448	2.21527
19.7632	1.50824
21.3011	1.866
23.0142	2.04995
24.5044	2.01217
11.9284	2.70738
14.6377	2.58737
16.6388	3.06058
13.9937	2.36088
19.0321	3.01311
20.8417	3.19209
22.4162	3.34782
23.027	4.1895
22.9175	3.34817
68.2552	12.7493
21.5864	2.83963
20.7964	2.48666
21.4729	2.16967
22.7524	2.25227
24.6522	2.56557
25.5064	2.4162
16.967	3.61245
19.539	4.03606
20.3371	4.00407
21.4605	4.49784
21.7276	3.5822
22.9949	3.95258
23.9742	3.71893
25.658	3.98165
27.3818	4.25032
24.44	3.53414
69.1762	13.4242
23.3981	2.76234
30.4312	4.05411
28.9191	3.55023
26.9747	3.0556
26.5907	2.55644
20.3177	4.24221
20.2665	3.38932
21.8693	4.41988
22.8888	4.55454
23.9777	4.25218
21.9846	4.54824
43.2969	8.04772
44.126	7.38366
44.7122	6.61911
34.4543	5.72445
36.7114	6.08559
38.6942	6.22536
27.0466	3.43245
34.2924	4.80117
67.7911	13.2648
65.6142	12.8435
23.6568	4.8698
24.6706	4.96048
26.0427	5.21938
26.3509	5.10251
62.738	12.865
61.749	12.7044
44.2299	8.16129
44.8723	7.52589
37.8975	6.50328
37.8223	6.45324
60.6275	12.6901
40.6029	6.35999
37.5453	5.60471
40.1469	5.99064
52.119	8.42382
39.9851	5.7779
25.1844	5.16236
26.6206	5.43689
27.4486	5.48463
30.6376	6.08628
32.6027	6.48877
43.0181	8.58473
44.5229	8.86424
45.2815	8.2873
45.2315	8.59306
41.5275	7.32435
44.1696	7.9554
44.0935	7.04988
42.5379	6.74229
46.2703	7.23473
50.7181	8.14478
53.3405	8.66809
42.8452	9.73092
29.9258	6.06919
33.1922	6.69407
34.4414	6.86534
41.4884	8.29473
44.3053	8.83496
45.8834	9.11683
59.2128	12.5788
46.1753	8.89098
45.4709	8.2144
46.6783	8.19299
46.4866	7.22624
48.6151	7.70399
52.8252	8.59441
55.4278	9.10411
56.5656	9.31178
44.7036	10.0984
59.5636	13.04
40.3354	8.20088
38.3176	7.77667
39.2542	7.84586
42.9921	8.61748
46.538	8.33833
47.9833	9.49835
49.6016	9.65643
48.3177	9.11178
48.0485	8.48935
50.9453	9.09397
68.5487	12.2752
54.2775	8.91968
55.6204	9.22083
58.2878	9.66325
47.1674	10.5825
41.139	8.36967
42.1566	8.58354
47.1305	9.62883
49.2602	9.99467
46.8241	9.43209
49.1761	9.87005
63.4506	11.7115
51.3452	9.82674
66.7453	12.4013
54.8951	9.92862
54.0344	9.73919
54.9591	9.55996
65.4239	12.1316
59.242	10.0325
61.8629	10.371
49.364	11.0112
51.0316	11.096
63.6111	12.4559
51.1285	10.5165
52.1843	10.6341
51.1961	10.3718
51.7172	10.4206
53.7848	10.8538
54.6813	10.5052
59.2207	11.5776
59.6698	11.0504
58.3479	10.6558
57.256	10.4149
58.6382	10.7039
62.3624	10.7319
63.3962	10.7461
53.7917	11.9303
52.3683	11.1641
54.1247	11.2534
52.9613	10.8592
54.8389	11.1941
53.0732	10.7406
54.7502	10.9697
56.1595	11.1645
58.0362	11.3366
60.5038	11.8397
60.8732	10.8624
61.8846	11.3675
60.3542	11.0633
60.3432	11.8372
65.3029	11.4643
64.3732	11.1137
55.9009	12.465
57.2514	12.5713
57.8244	12.0053
60.4561	11.6722
59.5667	12.2088
58.3018	11.5089
