-3.14484	0.312355
-0.329668	-0.395187
1.81115	-0.0805571
1.93833	-0.299209
2.0103	-0.46109
3.26659	-0.333808
8.68814	0.607047
9.92723	0.673466
11.0843	0.731559
9.25586	0.27248
8.5007	0.0631441
8.11763	-0.308744
9.28974	-0.302128
11.0823	-0.0415693
13.1361	0.232862
13.7844	-0.224408
76.939	13.0379
2.31064	0.250158
3.58953	0.182122
4.60263	0.126437
7.57634	0.640511
6.16809	0.200665
10.9713	1.04779
12.3667	1.32345
13.3959	1.1669
11.879	0.744363
14.2677	0.93673
12.1195	0.299323
13.9496	0.514042
15.41	0.746176
16.1846	0.522228
78.008	12.9463
6.37603	1.5641
4.88812	0.946097
74.7558	13.1041
6.82982	0.750898
7.44538	1.53248
10.9053	1.27006
13.4321	1.23082
12.7477	1.38513
14.0413	1.61516
16.3554	1.83937
16.1754	1.50344
17.9821	1.85761
18.9883	1.33965
17.876	1.17604
72.8314	13.0535
20.239	1.31496
7.3069	1.45906
13.0466	2.08697
11.0391	1.63808
16.3126	2.40626
13.5686	1.82486
12.5778	1.50472
14.2117	1.6919
16.1164	1.97694
19.0698	2.45608
19.1191	2.15048
18.7857	2.01379
19.839	2.22462
20.0943	1.50628
21.6937	1.86672
23.4411	2.04752
24.9389	2.01933
12.5025	2.70667
15.2016	2.57406
17.2878	3.05018
14.5135	2.35323
19.7144	2.99828
21.5602	3.18774
23.1695	3.34928
23.8114	4.13326
23.5643	3.32211
71.1688	12.7716
22.101	2.80702
21.236	2.49156
21.8957	2.15838
23.2002	2.24331
25.1756	2.5584
26.0213	2.41492
17.7618	3.61142
20.4072	4.02957
21.198	4.00253
22.3769	4.49089
22.5293	3.5554
23.7989	3.90254
24.7736	3.69779
26.4898	3.95667
28.2458	4.22328
25.1297	3.50521
72.1709	13.3984
23.9089	2.75282
31.2546	4.04199
29.6667	3.54578
27.5759	3.03528
27.1365	2.55274
21.2598	4.24299
21.1461	3.39722
22.8109	4.40849
23.8399	4.54596
24.9188	4.22931
22.7987	4.51869
45.2752	8.30524
45.8591	7.41979
46.4965	6.69859
35.7404	5.71284
38.0924	6.082
40.117	6.23202
27.7138	3.42077
35.341	4.80393
70.7493	13.246
68.471	12.8244
24.7461	4.87063
25.7602	4.9515
27.1843	5.20295
27.4294	5.08028
65.6778	12.8746
64.6587	12.7093
46.2069	8.1637
46.7699	7.57824
39.3601	6.48837
39.2599	6.43502
63.5718	12.691
42.0659	6.376
38.8003	5.61263
41.5177	6.00776
54.0914	8.45527
41.1122	5.75733
26.3238	5.16251
27.8111	5.43247
28.6389	5.47111
31.9734	6.07505
34.025	6.47786
44.9724	8.58357
46.5121	8.8622
47.2666	8.29021
47.1125	8.65173
43.1688	7.30362
45.978	7.93687
45.7234	7.07188
44.0839	6.76041
47.9669	7.26497
52.6422	8.17862
55.3623	8.69674
45.1138	9.76046
31.2663	6.06172
34.6816	6.68602
35.9489	6.85538
43.3824	8.29708
46.2834	8.82693
47.9137	9.10223
62.1333	12.5984
48.0946	8.78673
47.3232	8.19116
48.5564	8.18352
48.1789	7.27069
50.4136	7.73853
54.8322	8.62445
57.5642	9.13641
58.7317	9.34042
47.0749	10.1321
62.5536	13.0046
42.2056	8.19878
40.0871	7.7743
41.0339	7.84597
44.9424	8.61577
48.606	8.35999
50.1143	9.49374
51.76	9.63395
50.3524	9.06068
49.9802	8.48982
53.0369	9.09409
71.3083	12.2827
56.3393	8.94188
57.7395	9.24064
60.5256	9.69116
49.6051	10.6081
43.0443	8.36477
44.0966	8.57764
49.3448	9.6294
51.5446	9.99749
48.9714	9.43196
51.3863	9.86957
66.1437	11.7333
53.5305	9.77848
69.5845	12.4229
57.1761	9.92815
56.3081	9.75272
57.1718	9.36396
68.2135	12.147
61.5275	10.0449
64.2738	10.4013
51.8951	11.0342
53.5893	11.1118
66.3665	12.4353
53.5488	10.5155
54.5915	10.6317
53.5642	10.3785
54.0653	10.4365
56.2027	10.8829
57.0389	10.4525
61.7804	11.5545
62.2169	11.0406
60.8206	10.6621
59.7024	10.4388
61.1346	10.7285
64.8118	10.7438
65.8747	10.776
56.5591	11.9543
54.9532	11.1699
56.735	11.2496
55.4117	10.8486
57.3562	11.1901
55.4912	10.7442
57.1899	10.9701
58.6393	11.1647
60.5579	11.3114
63.1034	11.8165
63.4591	10.8555
64.5023	11.3691
62.9008	11.0832
62.9506	11.8166
67.8861	11.4677
66.9044	11.1323
58.7842	12.4811
60.1413	12.592
60.6502	12.0009
63.263	11.7057
62.3559	12.2137
60.8447	11.4995
