-3.20053	0.31934
-0.415489	-0.387671
1.78109	-0.0791116
1.88711	-0.293341
1.87617	-0.460681
3.19131	-0.320917
8.80652	0.617325
10.0368	0.662722
11.1856	0.704239
9.26686	0.251605
8.43528	0.0333596
8.00286	-0.32515
9.19144	-0.295341
11.0345	-0.0323197
13.1251	0.252187
13.7506	-0.208102
80.0934	13.0739
2.37081	0.273161
3.61732	0.178831
4.6206	0.125992
7.6883	0.631552
6.2165	0.214736
11.1685	1.05937
12.5857	1.3419
13.5783	1.1279
11.981	0.722752
14.4348	0.935443
12.169	0.30805
14.0353	0.520046
15.5232	0.763881
16.2739	0.525546
81.1892	13.0014
6.70823	1.56194
5.12639	0.978875
77.8315	13.1252
6.97154	0.745961
7.58728	1.52732
11.1663	1.25953
13.7334	1.21822
13.0016	1.38908
14.3119	1.61042
16.6668	1.8012
16.4591	1.49578
18.3429	1.85974
19.2856	1.34214
18.1257	1.18092
75.9377	13.0639
20.5268	1.31909
7.64668	1.50091
13.5124	2.09424
11.4136	1.64227
16.8389	2.38816
13.9357	1.80223
12.883	1.50224
14.5112	1.6802
16.4524	1.95627
19.5095	2.4209
19.5284	2.13431
19.1676	2.01457
20.2564	2.23061
20.4388	1.50246
22.1047	1.867
23.8858	2.04982
25.3876	2.03458
13.0938	2.71451
15.762	2.57866
17.9461	3.04865
15.0326	2.35166
20.4072	2.98343
22.2917	3.18195
23.9414	3.35571
24.6034	4.05151
24.2327	3.28834
74.2248	12.782
22.6343	2.78045
21.7001	2.49567
22.3407	2.14644
23.6689	2.2345
25.7237	2.55474
26.5556	2.42215
18.5868	3.61857
21.3095	4.03009
22.0914	4.00587
23.333	4.47868
23.3512	3.53517
24.6218	3.85494
25.5935	3.67932
27.3472	3.93182
29.1412	4.1898
25.8434	3.47544
75.3107	13.3643
24.4474	2.74366
32.1244	4.03314
30.4539	3.54619
28.2042	3.022
27.698	2.56283
22.2431	4.24736
22.0618	3.41239
23.79	4.405
24.8279	4.54238
25.8943	4.2132
23.6377	4.49288
47.4883	7.84896
48.3938	7.29362
49.0591	6.59682
37.0758	5.68963
39.529	6.06639
41.6019	6.23518
28.4182	3.41062
36.4502	4.8125
73.8545	13.2198
71.4698	12.7982
25.8878	4.87416
26.8996	4.95315
28.3745	5.20812
28.554	5.06668
68.7519	12.8869
67.7037	12.719
48.3773	8.15356
49.1289	7.51495
40.8814	6.45959
40.7542	6.40579
66.6497	12.7013
43.6007	6.39802
40.1237	5.62705
42.973	6.03548
56.1769	8.50218
42.297	5.7339
27.5197	5.15951
29.0597	5.4284
29.8834	5.46895
33.3784	6.0731
35.5211	6.47581
47.0504	8.60036
48.6374	8.86943
49.4219	8.32817
48.7078	8.55926
44.8746	7.26754
47.8578	7.89767
47.4318	7.10487
45.7065	6.78645
49.7654	7.30902
54.6766	8.22845
57.4974	8.74384
47.5062	9.80807
32.6737	6.0598
36.2488	6.6844
37.5369	6.85466
45.3916	8.31313
48.3881	8.83837
50.0794	9.11424
65.189	12.6269
49.5467	9.08443
49.2517	8.15334
50.51	8.16831
49.9687	7.33522
52.3177	7.78914
56.9546	8.67274
59.8201	9.18578
61.0179	9.3872
49.5724	10.1816
65.6668	12.9814
44.1852	8.20724
41.9574	7.77997
42.917	7.85903
47.0094	8.63007
50.8111	8.40776
52.3721	9.49458
54.0299	9.59686
52.4691	8.98571
51.9901	8.48562
55.2085	9.08763
74.1996	12.3037
58.5195	8.98799
59.9745	9.28116
62.8864	9.73492
52.1712	10.6473
45.0593	8.37476
46.1482	8.58353
51.6807	9.64428
53.9545	10.0167
51.2428	9.45268
53.7233	9.88358
68.9543	11.7359
55.8133	9.7069
72.5574	12.43
59.5433	9.92004
58.6652	9.75364
59.4296	9.20322
71.1321	12.1507
63.9307	10.0782
66.8108	10.446
54.5544	11.0708
56.2747	11.138
69.2594	12.4073
56.0954	10.5293
57.1288	10.6447
56.0621	10.4026
56.5455	10.4669
58.7591	10.9336
59.5012	10.377
64.4677	11.523
64.8681	11.0336
63.3906	10.6591
62.2436	10.4427
63.7294	10.7294
67.3832	10.7738
68.479	10.8196
59.4612	11.9964
57.6639	11.1922
59.4731	11.2629
57.9907	10.8529
60.0038	11.1976
58.0419	10.7615
59.7644	10.9803
61.2528	11.172
63.2026	11.2783
65.8318	11.7877
66.1464	10.8355
67.228	11.3601
65.5502	11.08
65.689	11.7886
70.5949	11.4883
69.5609	11.1615
61.8107	12.5247
63.1655	12.6242
63.6048	12.0091
66.209	11.7678
65.277	12.2264
63.5216	11.4873
