-3.2459	0.327548
-0.497488	-0.380362
1.7604	-0.0785919
1.84458	-0.286867
1.74315	-0.45683
3.12188	-0.302764
8.94003	0.63636
10.1576	0.656721
11.2937	0.674801
9.27718	0.230036
8.36342	0.00541206
7.88127	-0.335676
9.09139	-0.28768
10.9891	-0.0213034
13.1201	0.271101
13.7242	-0.191146
83.4185	13.1122
2.44407	0.293604
3.6576	0.174975
4.65084	0.130221
7.81685	0.631704
6.27843	0.235492
11.3869	1.08437
12.8276	1.38206
13.7696	1.08604
12.0876	0.700934
14.613	0.934784
12.2245	0.318115
14.1276	0.529123
15.6465	0.785297
16.3728	0.528664
84.5403	13.0633
7.06372	1.56218
5.38724	1.00623
81.0698	13.1469
7.13209	0.74116
7.73851	1.52976
11.4529	1.26054
14.0632	1.21247
13.2809	1.40529
14.6074	1.62179
16.9956	1.76558
16.7588	1.48864
18.7237	1.86056
19.6011	1.34808
18.3918	1.19076
79.2048	13.0746
20.8352	1.32495
8.0109	1.53281
14.0176	2.0946
11.8205	1.64434
17.4031	2.38261
14.333	1.79472
13.2174	1.50989
14.8378	1.67973
16.8156	1.94687
19.9753	2.39325
19.9579	2.11961
19.5703	2.0147
20.6972	2.23591
20.8036	1.50454
22.5398	1.87248
24.3581	2.05561
25.866	2.04843
13.7231	2.72161
16.3658	2.57583
18.6483	3.04331
15.59	2.35024
21.1442	2.98026
23.0706	3.18798
24.762	3.3704
25.4397	3.94409
24.9365	3.26105
77.4393	12.7923
23.1937	2.75781
22.1893	2.49883
22.8105	2.13776
24.1644	2.23153
26.3029	2.55642
27.1228	2.4303
19.4589	3.62432
22.2617	4.02913
23.0346	4.00388
24.3405	4.45882
24.2198	3.52491
25.4915	3.80716
26.461	3.66868
28.2519	3.9124
30.0831	4.1613
26.5939	3.45043
78.6035	13.3363
25.0148	2.73755
33.0392	4.0328
31.2837	3.55328
28.8669	3.01516
28.2962	2.57054
23.2789	4.25254
23.0323	3.43445
24.8221	4.39893
25.8692	4.53439
26.9236	4.20168
24.5281	4.47584
49.7884	7.68237
50.7307	7.19196
51.47	6.57416
38.4808	5.66772
41.0422	6.05378
43.1692	6.24609
29.1594	3.40655
37.6175	4.82986
77.1091	13.1957
74.6118	12.7733
27.0872	4.87886
28.0975	4.95106
29.6276	5.2043
29.7369	5.05198
71.9871	12.9015
70.9067	12.7312
50.6045	8.14852
51.5561	7.4909
42.4784	6.42836
42.3248	6.3748
69.89	12.7109
45.2222	6.43176
41.5184	5.65155
44.5034	6.07247
58.373	8.55756
43.5385	5.70921
28.7748	5.16083
30.3705	5.42708
31.1916	5.46314
34.8508	6.06873
37.0888	6.47124
49.2151	8.60754
50.8453	8.87111
51.644	8.3508
50.6005	8.08644
46.6642	7.22479
49.8272	7.84375
49.2413	7.15259
47.4221	6.82626
51.6592	7.3638
56.8195	8.28701
59.7465	8.79743
50.0249	9.85958
34.1502	6.05811
37.8909	6.68262
39.1999	6.85089
47.4879	8.32215
50.5796	8.83957
52.3303	9.1118
68.4101	12.6535
50.9263	9.02098
51.2712	8.10722
52.5647	8.14751
51.8657	7.42139
54.3266	7.85404
59.1897	8.72967
62.1954	9.24217
63.4251	9.43906
52.2022	10.2349
68.9357	12.9631
46.2542	8.21368
43.9131	7.78488
44.8847	7.86587
49.167	8.63657
53.1066	8.45485
54.7242	9.49046
56.3943	9.56014
54.6709	8.90689
54.1097	8.47354
57.4992	9.07554
77.2457	12.3269
60.8146	9.03941
62.3293	9.32819
65.3718	9.7844
54.8728	10.6908
47.1662	8.38064
48.2933	8.58702
54.1272	9.65526
56.4788	10.0295
53.6174	9.46353
56.1663	9.8902
71.9163	11.7408
58.1902	9.63506
75.6863	12.4382
62.0417	9.9079
61.1551	9.75146
61.7497	9.02098
74.2045	12.1543
66.4637	10.1164
69.4828	10.4947
57.3557	11.1106
59.1011	11.1672
72.2891	12.3804
58.7665	10.5398
59.7881	10.6531
58.6801	10.419
59.1452	10.4904
61.4433	10.9749
62.0639	10.3017
67.2784	11.4912
67.6618	11.0197
66.1024	10.653
64.9265	10.4473
66.4683	10.733
70.0935	10.8083
71.2233	10.8651
62.5209	12.0385
60.5152	11.2131
62.3495	11.2726
60.6946	10.8556
62.7817	11.2033
60.7156	10.7743
62.4633	10.9881
63.9908	11.1748
65.969	11.2439
68.6869	11.7579
68.9805	10.8201
70.1023	11.3501
68.3456	11.0801
68.5555	11.7611
73.4487	11.5128
72.3601	11.196
65.0029	12.5654
66.3534	12.6579
66.7109	12.0154
69.3135	11.8546
68.3486	12.2392
66.3239	11.4745
