-3.2804	0.334462
-0.585588	-0.372088
1.73687	-0.0779429
1.79863	-0.28051
1.60188	-0.451499
3.04834	-0.282976
9.08018	0.660723
10.2812	0.650964
11.4007	0.640922
9.28151	0.204222
8.28114	-0.0255755
7.74924	-0.349632
8.98451	-0.285802
10.9413	-0.0156374
13.1173	0.284792
13.7061	-0.17332
86.9229	13.1513
2.52064	0.313979
3.69832	0.170481
4.68114	0.135899
7.95044	0.635473
6.34329	0.25894
11.6189	1.11885
13.0876	1.43879
13.9616	1.03743
12.1935	0.674301
14.7981	0.929443
12.2818	0.322721
14.2243	0.533822
15.7783	0.802706
16.4808	0.53032
88.0733	13.1232
7.43827	1.56302
5.66275	1.03112
84.4741	13.1646
7.2988	0.736709
7.89233	1.53505
11.7527	1.26597
14.4101	1.21213
13.5762	1.43
14.9198	1.64331
17.3342	1.72758
17.071	1.47727
19.1229	1.85577
19.9326	1.35212
18.6719	1.19776
82.6338	13.0792
21.1614	1.3297
8.39476	1.55926
14.546	2.09361
12.2459	1.64576
17.9935	2.38258
14.7485	1.79307
13.5684	1.52093
15.181	1.68556
17.1964	1.94332
20.4603	2.36729
20.4058	2.10291
19.9926	2.00966
21.1611	2.23389
21.1866	1.50565
22.9978	1.87595
24.8557	2.05976
26.3696	2.05987
14.3845	2.72662
16.9974	2.57093
19.3831	3.03517
16.1734	2.34813
21.9163	2.98426
23.8876	3.20021
25.6241	3.39043
26.3174	3.78418
25.6705	3.23517
80.8129	12.7962
23.7773	2.73544
22.7031	2.4967
23.3045	2.12594
24.6857	2.22679
26.9129	2.55664
27.7199	2.43673
20.3738	3.62776
23.2597	4.02554
24.0221	3.99622
25.3947	4.42781
25.1288	3.52406
26.3997	3.76127
27.3682	3.66341
29.1972	3.89628
31.0664	4.13398
27.3772	3.42609
82.054	13.3072
25.6117	2.72809
34.0038	4.03137
32.1587	3.55904
29.5642	3.008
28.9255	2.5764
24.3649	4.25562
24.0523	3.4604
25.9031	4.38988
26.9586	4.52128
28.0021	4.19542
25.4625	4.46638
52.163	7.60944
53.1229	7.15436
53.905	6.59174
39.948	5.64492
42.6264	6.03979
44.8178	6.25609
29.9403	3.40031
38.85	4.84604
80.5191	13.1688
77.9028	12.7459
28.3442	4.88165
29.3527	4.94657
30.9404	5.1984
30.9755	5.0372
75.3831	12.9168
74.2683	12.7442
52.9371	8.14235
53.961	7.51081
44.1433	6.39527
43.964	6.34261
73.2911	12.7201
46.9352	6.46515
42.9912	5.67535
46.121	6.10817
60.6926	8.61141
44.8388	5.67833
30.0902	5.1605
31.7441	5.42431
32.5622	5.45562
36.3934	6.06327
38.7314	6.46552
51.4819	8.61318
53.1566	8.87173
53.9702	8.37509
52.8667	7.77607
48.527	7.17933
51.8716	7.78442
51.1578	7.2006
49.237	6.86601
53.6624	7.41722
59.0837	8.34396
62.1213	8.84949
52.6807	9.90935
35.6973	6.0552
39.6115	6.67985
40.9422	6.84588
49.6839	8.32939
52.8743	8.83953
54.6859	9.10846
71.7947	12.6766
52.6815	8.7483
53.3727	8.05831
54.7104	8.12397
53.8853	7.50662
56.4548	7.91773
61.5512	8.78508
64.7023	9.2968
65.9649	9.48929
54.9737	10.2862
72.3601	12.9523
48.423	8.21911
45.9629	7.78879
46.9464	7.87096
51.4276	8.6413
55.5096	8.51202
57.1841	9.48563
58.8602	9.52435
56.9542	8.83095
56.3269	8.4549
59.8958	9.05864
80.4497	12.3475
63.2383	9.08948
64.815	9.374
67.9929	9.83222
57.7188	10.7327
49.375	8.38553
50.5423	8.58966
56.693	9.66526
59.1264	10.0406
56.1064	9.47232
58.7263	9.89414
75.0227	11.7396
60.6623	9.56599
78.9691	12.4402
64.6576	9.89115
63.7624	9.74375
64.1513	8.88598
77.4275	12.1523
69.1346	10.1534
72.2982	10.5414
60.3051	11.1491
62.0735	11.1956
75.4612	12.3512
61.5686	10.5497
62.5777	10.6605
61.4268	10.4331
61.8738	10.5093
64.2649	11.0086
64.7293	10.2299
70.218	11.4582
70.5885	11.0028
68.9437	10.6421
67.738	10.446
69.3389	10.7306
72.9486	10.8416
74.114	10.908
65.7418	12.0798
63.5105	11.2333
65.3677	11.2822
63.5309	10.8586
65.6961	11.2086
63.5212	10.7848
65.2959	10.9935
66.8613	11.174
68.8613	11.2089
71.6739	11.7265
71.9498	10.8031
73.1155	11.3354
71.2759	11.0744
71.5559	11.7317
76.4525	11.536
75.3075	11.2285
68.3655	12.6062
69.7063	12.6914
69.9674	12.0221
72.574	11.9775
71.5723	12.2523
69.2594	11.4589
