-3.30259	0.329836
-0.678948	-0.362889
1.71142	-0.0771715
1.74979	-0.273511
1.45333	-0.444073
2.97254	-0.260467
9.23125	0.692299
10.4102	0.647061
11.5076	0.603949
9.28061	0.175691
8.18913	-0.0581387
7.60741	-0.36612
8.87125	-0.289109
10.8916	-0.0158062
13.1181	0.290212
13.6979	-0.160028
90.6161	13.1846
2.60162	0.334089
3.74046	0.165362
4.7127	0.143759
8.09154	0.643833
6.41385	0.286511
11.8719	1.16438
13.3759	1.51226
14.1541	0.984043
12.2995	0.643996
14.9916	0.919394
12.3416	0.321993
14.3264	0.533547
15.9204	0.81422
16.5991	0.526681
91.7981	13.1757
7.83353	1.56215
5.9542	1.05278
88.0538	13.1745
7.47286	0.732776
8.0483	1.54426
12.0691	1.27687
14.7791	1.22085
13.8943	1.4648
15.2574	1.67633
17.6858	1.68954
17.3973	1.46154
19.5423	1.84453
20.2819	1.35335
18.9677	1.20075
86.2334	13.0787
21.5073	1.33043
8.79993	1.57978
15.0988	2.09101
12.691	1.64646
18.6123	2.38881
15.1854	1.79809
13.94	1.53694
15.5466	1.69961
17.6014	1.94772
20.9708	2.34576
20.8744	2.08402
20.4363	1.99871
21.6501	2.2228
21.5894	1.50516
23.4808	1.87572
25.3807	2.05991
26.9004	2.06728
15.0803	2.72782
17.6583	2.56355
20.1519	3.02368
16.784	2.34518
22.7246	2.99647
24.7435	3.21728
26.5275	3.4124
27.2761	3.41341
26.4438	3.2144
84.3539	12.7953
24.3883	2.71309
23.2438	2.4887
23.8248	2.10949
25.2351	2.21828
27.5561	2.55289
28.3489	2.4393
21.3336	3.62746
24.3057	4.01803
25.0549	3.9818
26.4955	4.38419
26.0794	3.53528
27.3439	3.72414
28.3118	3.66144
30.1836	3.88383
32.0957	4.11073
28.1974	3.40375
85.6716	13.2781
26.2404	2.71364
35.0214	4.0252
33.082	3.56008
30.2989	2.99752
29.5878	2.57843
25.5035	4.25538
25.1235	3.49008
27.0349	4.37668
28.0968	4.50176
29.1316	4.19655
26.4377	4.46853
54.6146	7.59344
55.5866	7.165
56.3795	6.61767
41.4824	5.62624
44.2866	6.02822
46.5527	6.26407
30.7636	3.38923
40.1515	4.85639
84.0935	13.141
81.3516	12.7183
29.6616	4.88154
30.6675	4.93884
32.3156	5.18976
32.2718	5.02252
78.9491	12.9335
77.798	12.7587
55.3821	8.13576
56.406	7.53806
45.8811	6.3675
45.6769	6.31554
76.861	12.7301
48.7448	6.49229
44.547	5.69315
47.8306	6.13628
63.142	8.65611
46.2009	5.63936
31.4686	5.1576
33.1835	5.41927
33.9978	5.44586
38.0094	6.05658
40.4522	6.45857
53.8568	8.61775
55.5775	8.87195
56.407	8.40234
55.2912	7.69656
50.4685	7.14057
53.9959	7.7337
53.1872	7.24028
51.1567	6.89836
55.7804	7.46128
61.4754	8.39148
64.6283	8.89264
55.4807	9.95099
37.3185	6.05052
41.4145	6.67582
42.7678	6.8396
51.9852	8.33512
55.2782	8.83884
57.1526	9.10521
75.3505	12.6967
54.7141	8.50065
55.5623	8.01647
56.9529	8.10346
56.0329	7.57666
58.7082	7.9701
64.0456	8.8308
67.3476	9.3423
68.6441	9.53105
57.8943	10.3296
75.9508	12.9487
50.697	8.22345
48.1117	7.79155
49.1072	7.87445
53.7967	8.64444
58.0257	8.58377
59.7586	9.4817
61.4353	9.49509
59.3281	8.7687
58.6467	8.43628
62.4042	9.04238
83.8204	12.3609
65.7972	9.13033
67.4382	9.411
70.7569	9.87178
60.7167	10.7676
51.6909	8.3894
52.9004	8.59138
59.3846	9.67433
61.904	10.05
58.7162	9.47907
61.4102	9.89529
78.2813	11.7352
63.238	9.50949
82.4142	12.438
67.3975	9.87455
66.4935	9.73533
66.6766	8.81153
80.8091	12.147
71.9503	10.1826
75.2643	10.5804
63.4106	11.1812
65.1995	11.2201
78.7846	12.3226
64.5087	10.5593
65.5049	10.6668
64.3093	10.4445
64.7381	10.5217
67.2306	11.0296
67.5063	10.1725
73.295	11.4285
73.656	10.9866
71.9217	10.6305
70.6848	10.443
72.3483	10.7262
75.9559	10.8677
77.1588	10.9428
69.1327	12.1156
66.6571	11.2517
68.5349	11.2925
66.507	10.8617
68.7547	11.2133
66.466	10.7924
68.2694	10.9954
69.872	11.1693
71.888	11.1782
74.8014	11.6971
75.062	10.7879
76.2749	11.3194
74.3482	11.0662
74.6987	11.7036
79.6143	11.5525
78.4109	11.2537
71.9074	12.6412
73.2335	12.7212
73.3817	12.0317
75.9914	12.1738
74.9568	12.2659
72.3362	11.442
