-3.31246	0.295458
-0.784167	-0.356717
1.67896	-0.0805746
1.69144	-0.26975
1.3059	-0.435646
2.90492	-0.236613
9.40433	0.728243
10.5547	0.644209
11.6236	0.565008
9.28231	0.145023
8.0942	-0.0922364
7.46111	-0.386261
8.75618	-0.299022
10.844	-0.0241957
13.1245	0.282443
13.6996	-0.161648
94.5057	13.2007
2.68319	0.350065
3.78046	0.155036
4.74556	0.151227
8.24451	0.654244
6.49874	0.315898
12.1602	1.21559
13.7108	1.59156
14.3566	0.929555
12.4132	0.610571
15.1991	0.903166
12.4089	0.314346
14.4381	0.526172
16.0759	0.817466
16.7286	0.510059
95.7234	13.2136
8.24929	1.55427
6.25996	1.06711
91.8184	13.1715
7.6521	0.725378
8.20156	1.55467
12.4063	1.29031
15.1788	1.24181
14.25	1.50493
15.6367	1.71526
18.0665	1.65407
17.7443	1.44011
19.9882	1.82462
20.6527	1.3498
19.2828	1.19748
90.0169	13.0717
21.8736	1.32124
9.22589	1.59068
15.6728	2.0818
13.1529	1.64182
19.2552	2.39743
15.646	1.80644
14.3387	1.55492
15.9475	1.71879
18.0482	1.95807
21.5295	2.33034
21.3712	2.0612
20.9077	1.97984
22.17	2.19937
22.016	1.50136
23.9918	1.86881
25.9353	2.05162
27.4586	2.06616
15.8108	2.72062
18.3446	2.5483
20.9505	3.00305
17.4184	2.33641
23.5584	3.01286
25.6224	3.22957
27.4516	3.4216
28.1754	3.40189
27.2914	3.20308
88.0758	12.789
25.035	2.68861
23.8175	2.4733
24.3757	2.0852
25.816	2.20256
28.2354	2.54143
29.011	2.43354
22.3381	3.61859
25.3982	4.00123
26.1283	3.95374
27.6365	4.31848
27.0596	3.55788
28.3028	3.6994
29.2635	3.64656
31.2033	3.86637
33.1833	4.09049
29.0644	3.38179
89.4716	13.2481
26.9058	2.69153
36.096	4.01066
34.0569	3.55252
31.0735	2.97963
30.2841	2.57208
26.6945	4.24716
26.2447	3.5207
28.2153	4.35348
29.2781	4.46864
30.3049	4.20341
27.4324	4.48545
57.1354	7.6559
58.1127	7.23949
58.8744	6.64953
43.0962	5.6113
46.0336	6.01837
48.3822	6.26784
31.6337	3.37015
41.526	4.85695
87.848	13.1124
84.9737	12.6907
31.0392	4.87404
32.0412	4.92262
33.7527	5.17334
33.6215	5.00344
82.7066	12.951
81.5176	12.7743
57.9494	8.12569
58.8813	7.57028
47.7048	6.34544
47.4758	6.29362
80.5924	12.7364
50.6569	6.5095
46.1905	5.70114
49.6358	6.1523
65.725	8.68628
47.6248	5.58642
32.9104	5.14774
34.6892	5.40762
35.4983	5.42905
39.699	6.04442
42.2528	6.44631
56.3482	8.6181
58.117	8.86867
58.9636	8.4306
57.7824	7.81609
52.5025	7.10969
56.2159	7.6941
55.3341	7.26734
53.1864	6.91933
58.0166	7.49094
63.9981	8.42427
67.2712	8.92137
58.429	9.97865
39.0153	6.03994
43.3023	6.66655
44.6791	6.82812
54.3991	8.33605
57.8	8.83436
59.7402	9.09904
79.0759	12.7108
56.9503	8.35202
57.8547	7.98335
59.305	8.0857
58.3098	7.6262
61.0896	8.00589
66.6763	8.86141
70.1352	9.37307
71.4665	9.55863
60.9681	10.3592
79.7098	12.9478
53.0823	8.2234
50.3646	7.78969
51.3729	7.87284
56.2823	8.64276
60.6642	8.67436
62.4593	9.47589
64.1332	9.47237
61.8094	8.72186
61.0811	8.41911
65.0371	9.02717
87.3658	12.3615
68.4951	9.15648
70.2031	9.43366
73.6677	9.89729
63.8708	10.7894
54.1204	8.38899
55.3744	8.58907
62.2109	9.67987
64.8224	10.0549
61.4568	9.48066
64.2289	9.89005
81.7054	11.7269
65.9331	9.46858
86.0349	12.4307
70.2744	9.85842
69.3615	9.72645
69.3535	8.78476
84.3628	12.1378
74.9156	10.1983
78.3856	10.6058
66.6764	11.2007
68.4834	11.2359
82.2745	12.2947
67.5962	10.5666
68.5819	10.6698
67.3397	10.4507
67.7504	10.5227
70.3523	11.0302
70.4116	10.1348
76.5245	11.4029
76.8779	10.9716
75.0497	10.6185
73.7804	10.4383
75.5098	10.7197
79.1209	10.8807
80.3624	10.9638
72.6974	12.1382
69.959	11.2647
71.8548	11.3017
69.6355	10.8628
71.9739	11.2158
69.5634	10.7939
71.3973	10.9903
73.0365	11.1575
75.0641	11.153
78.0842	11.6703
78.3308	10.7741
79.594	11.302
77.576	11.0555
77.9985	11.6765
82.9406	11.5566
81.6759	11.2658
75.6345	12.6611
76.9367	12.7394
76.9515	12.043
79.5638	12.5091
78.5288	12.281
75.5684	11.4223
