-3.31723	0.214623
-0.905317	-0.347536
1.63692	-0.0821424
1.62038	-0.263323
1.1641	-0.422234
2.8491	-0.208867
9.59748	0.767656
10.7108	0.64409
11.743	0.528288
9.28165	0.116552
7.99209	-0.123561
7.30673	-0.406147
8.6357	-0.311616
10.7949	-0.037336
13.1332	0.263416
13.7054	-0.182459
98.5943	13.1941
2.76313	0.367271
3.81723	0.145474
4.78042	0.162515
8.41101	0.669622
6.59903	0.348561
12.4806	1.26699
14.0891	1.66405
14.561	0.880408
12.5292	0.578544
15.4166	0.884385
12.48	0.303614
14.5565	0.515564
16.2431	0.816774
16.8646	0.479608
99.8534	13.2341
8.68412	1.54244
6.57831	1.0787
95.7728	13.1576
7.83837	0.719787
8.35587	1.56939
12.7675	1.30902
15.6082	1.26899
14.6394	1.54526
16.0529	1.75315
18.4644	1.62291
18.1076	1.41641
20.4559	1.79929
21.0437	1.34593
19.6155	1.19223
93.9902	13.0621
22.2578	1.3038
9.6714	1.59682
16.2747	2.07173
13.6373	1.63742
19.9353	2.41358
16.1364	1.82129
14.7661	1.57672
16.3803	1.7405
18.5285	1.97048
22.1205	2.3184
21.8923	2.03726
21.4023	1.95609
22.7159	2.16668
22.4653	1.49892
24.5295	1.85934
26.518	2.03821
28.0437	2.06048
16.577	2.70914
19.0642	2.5311
21.7875	2.97937
18.0856	2.32755
24.4413	3.04048
26.5532	3.24984
28.43	3.4359
29.1241	3.39521
28.1852	3.19556
91.9843	12.7812
25.7139	2.66416
24.4201	2.45342
24.9546	2.0575
26.4266	2.1838
28.9494	2.52621
29.7061	2.42324
23.3915	3.60583
26.5433	3.98032
27.251	3.91855
28.8239	4.24174
28.0983	3.59764
29.3147	3.68805
30.2678	3.63837
32.2774	3.85464
34.3273	4.075
29.9758	3.36219
93.4596	13.2211
27.6051	2.66556
37.2258	3.9919
35.0821	3.54051
31.887	2.9583
31.0148	2.56135
27.9441	4.23581
27.4213	3.55996
29.452	4.32592
30.5142	4.42673
31.5397	4.22513
28.4868	4.51871
59.7408	7.87564
60.6889	7.3966
61.3894	6.73519
44.7906	5.60267
47.8688	6.01333
50.3065	6.27143
32.5483	3.34705
42.9721	4.85209
91.7885	13.0873
88.7756	12.6675
32.4849	4.86419
33.4823	4.90349
35.2605	5.1547
35.0382	4.98646
86.6711	12.9732
85.4431	12.795
60.6494	8.11611
61.3461	7.65498
49.6179	6.33185
49.3635	6.27955
84.4856	12.7461
52.6703	6.52176
47.9204	5.70399
51.5354	6.16069
68.4412	8.70587
49.1189	5.5223
34.4234	5.13592
36.2697	5.39443
37.0729	5.41072
41.4732	6.03233
44.1437	6.43401
58.966	8.618
60.7851	8.86549
61.6496	8.46416
60.2499	7.91304
54.6345	7.08963
58.5397	7.66829
57.5966	7.2874
55.3246	6.93426
60.3699	7.51074
66.6515	8.44647
70.0502	8.93951
61.5268	9.99543
40.7969	6.02861
45.285	6.65731
46.6865	6.81649
56.9357	8.33621
60.4497	8.82968
62.4586	9.09324
82.9735	12.7257
59.3507	8.32691
60.2568	7.96274
61.7721	8.07441
60.7124	7.66193
63.5973	8.0302
69.4433	8.88107
73.0656	9.39286
74.4331	9.57543
64.1969	10.3777
83.6418	12.9554
55.5888	8.22406
52.7318	7.78833
53.7535	7.87051
58.8946	8.64013
63.4331	8.80273
65.2961	9.47112
66.9642	9.46076
64.4077	8.69423
63.6359	8.40856
67.8002	9.01752
91.0898	12.3517
71.3321	9.17191
73.1101	9.44576
76.7265	9.91197
67.1831	10.8004
56.6735	8.38943
57.9743	8.58778
65.1819	9.68682
67.892	10.0592
64.3381	9.48047
67.1923	9.88066
85.3009	11.7192
68.7583	9.44963
89.8371	12.4226
73.2942	9.84733
72.3721	9.72162
72.1895	8.7978
88.0944	12.1291
78.0317	10.2037
81.6639	10.6202
70.105	11.2094
71.9288	11.247
85.938	12.272
70.8407	10.5772
71.8195	10.6732
70.5284	10.4549
70.9195	10.5128
73.6371	11.0069
73.4571	10.1262
79.9147	11.3865
80.2611	10.9627
78.3339	10.6106
77.0305	10.4364
78.8291	10.7156
82.4456	10.8835
83.727	10.9737
76.4383	12.1476
73.4212	11.2778
75.3339	11.3173
72.9274	10.8663
75.3664	11.2197
72.8235	10.7917
74.6879	10.9796
76.3629	11.1399
78.3986	11.1387
81.5304	11.651
81.7622	10.7662
83.0787	11.2877
80.9649	11.0467
81.4635	11.6549
86.4341	11.5506
85.1051	11.2674
79.5491	12.663
80.8178	12.7464
80.6815	12.0664
83.3996	12.5246
82.3073	12.3017
78.9641	11.4026
