-3.32932	0.0600337
-1.04335	-0.329404
1.58261	-0.0773309
1.53688	-0.251157
1.00724	-0.40901
2.78437	-0.183639
9.79712	0.802887
10.867	0.644196
11.8561	0.496006
9.26915	0.0920963
7.87338	-0.150691
7.13513	-0.425101
8.50088	-0.326219
10.7357	-0.0549348
13.1353	0.232365
13.7043	-0.228988
102.881	13.1561
2.83812	0.39052
3.84633	0.139987
4.8087	0.175287
8.57958	0.685543
6.69944	0.378318
12.8195	1.30728
14.4966	1.71255
14.7593	0.841559
12.6386	0.550125
15.6355	0.863929
12.5465	0.290539
14.6738	0.502287
16.4163	0.813071
16.9969	0.432118
104.189	13.2301
9.13157	1.52752
6.90386	1.09042
99.9179	13.1323
8.02476	0.71658
8.51119	1.58438
13.1422	1.32809
16.0561	1.29536
15.05	1.57588
16.4934	1.77928
18.871	1.59735
18.4783	1.39146
20.9362	1.76958
21.4492	1.34247
19.9596	1.18575
98.1541	13.0505
22.6523	1.2773
10.1302	1.60057
16.8965	2.06147
14.1368	1.63366
20.6445	2.43259
16.6468	1.83755
15.2118	1.59708
16.8337	1.75749
19.0316	1.97853
22.7351	2.30763
22.4293	2.01242
21.911	1.92816
23.278	2.12597
22.9321	1.4985
25.0874	1.84804
27.1219	2.01999
28.649	2.05148
17.3721	2.69427
19.8085	2.5129
22.6544	2.95389
18.7775	2.31869
25.3672	3.07357
27.5292	3.27342
29.456	3.45153
30.1159	3.39057
29.1181	3.18984
96.0801	12.7729
26.4172	2.63919
25.043	2.42941
25.5541	2.02776
27.0602	2.16285
29.6915	2.50795
30.4273	2.40917
24.4864	3.58984
27.7332	3.95615
28.4136	3.87877
30.0451	4.16104
29.1913	3.64703
30.3752	3.67823
31.3188	3.63252
33.4002	3.84553
35.5218	4.06241
30.9246	3.34374
97.6364	13.1979
28.3304	2.63666
38.4046	3.97001
36.1512	3.52501
32.7329	2.93428
31.7729	2.54699
29.2444	4.22165
28.6443	3.61346
30.7366	4.29501
31.7969	4.37799
32.8272	4.25695
29.6009	4.55897
62.5789	7.82973
63.5395	7.37651
64.2713	6.74986
46.5622	5.59892
49.7886	6.01228
52.3213	6.27545
33.5005	3.32094
44.4841	4.84313
95.9149	13.0669
92.7567	12.6494
33.9907	4.85192
34.9826	4.88171
36.8311	5.13378
36.5133	4.9704
90.8266	12.9931
89.5573	12.8142
63.4778	8.104
64.226	7.66955
51.618	6.32525
51.3373	6.27196
88.5643	12.7673
54.7801	6.53098
49.7314	5.70333
53.5244	6.16302
71.2881	8.71641
50.6755	5.4434
36	5.12194
37.9169	5.37932
38.7136	5.39051
43.324	6.01921
46.1171	6.42041
61.7037	8.61477
63.5758	8.85924
64.4594	8.50167
63.2811	8.28212
56.8633	7.0788
60.9681	7.6539
59.9693	7.30325
57.5659	6.94557
62.8363	7.52255
69.4327	8.45974
72.9627	8.94846
64.7731	10.0022
42.6555	6.01578
47.3549	6.64699
48.7825	6.80325
59.5879	8.33323
63.2209	8.82203
65.302	9.08483
87.0563	12.7471
62.5022	8.89299
62.7689	7.95356
64.3537	8.06917
63.2343	7.68795
66.227	8.04557
72.3436	8.8915
76.1368	9.403
77.542	9.58255
67.5803	10.3858
87.756	12.9802
58.2094	8.22404
55.2059	7.78611
56.2418	7.86544
61.6262	8.63405
66.3169	9.02122
68.264	9.46403
69.927	9.45876
67.1248	8.68444
66.3103	8.40512
70.693	9.01355
94.9928	12.3314
74.3058	9.17812
76.1568	9.44863
79.9319	9.91679
70.6538	10.801
59.343	8.38927
60.693	8.58606
68.2907	9.69364
71.1043	10.0599
67.3523	9.47555
70.2921	9.86357
89.0679	11.7125
71.716	9.45311
93.8212	12.4142
76.4566	9.84151
75.525	9.72112
75.1799	8.84497
92.0042	12.1215
81.2974	10.1997
85.0991	10.6241
73.6972	11.2076
75.5383	11.2545
89.7739	12.2551
74.2373	10.5906
75.2087	10.6734
73.8657	10.4536
74.2342	10.4873
77.0709	10.9535
76.6495	10.1494
83.4647	11.3798
83.805	10.9598
81.7739	10.6072
80.4349	10.4377
82.3062	10.7143
85.9297	10.8766
87.2528	10.9729
80.3566	12.143
77.0482	11.2929
78.9782	11.3421
76.3737	10.8689
78.9183	11.2199
76.2349	10.7812
78.1299	10.9595
79.8433	11.1135
81.8901	11.1358
85.139	11.6397
85.3563	10.7646
86.729	11.2772
84.5151	11.0403
85.0911	11.6387
90.0951	11.5349
88.6985	11.2587
83.6514	12.6424
84.88	12.7444
84.5907	12.1087
87.4188	12.5443
86.2669	12.3199
82.5181	11.3812
