0.0186195	0.299517
0.853448	0.12668
2.01813	0.228502
2.79821	0.152654
4.04798	0.127293
4.92702	-0.196017
5.99326	-0.208395
6.86226	-0.182043
7.65002	-0.171385
8.70637	0.0715543
9.95149	0.121724
10.7822	0.192425
11.8569	0.172178
12.901	0.269008
13.8857	0.18929
14.8287	-0.0602646
15.5047	12.8763
1.33581	0.833103
2.4725	0.893295
3.65988	0.784664
4.44375	0.93425
5.54665	0.558331
6.33318	0.761528
7.26514	0.695386
8.33586	0.795805
9.25778	0.942609
10.2452	0.984074
11.369	0.854004
12.2561	0.942094
13.2915	0.878053
14.2415	1.03838
14.5234	12.8583
-0.0481192	1.65396
1.03836	1.72743
13.3909	12.8638
3.05846	1.8029
4.05163	1.74596
4.86557	1.68451
6.00332	1.80337
6.93542	1.55735
7.77254	1.76148
9.02921	1.84598
9.82723	1.75947
10.6344	1.89739
12.0397	1.72147
12.9215	1.74027
12.6635	12.9162
14.8432	1.67584
0.363209	2.7962
1.3557	2.17095
2.38622	2.49707
3.58318	2.40186
4.47512	2.4932
5.4282	2.49119
6.45105	2.58941
7.37552	2.82443
8.41129	2.64087
9.22556	2.72634
10.5067	2.61149
11.3471	2.54527
12.3256	2.54867
13.3404	2.48631
14.4675	2.67932
15.3347	2.475
-0.0322597	3.28381
0.833358	3.29013
2.00129	3.27396
2.93114	3.55336
3.83074	3.44824
5.09303	3.42861
6.11927	3.42634
6.99197	3.34616
7.8381	3.28381
11.5683	12.8435
10.1314	3.47655
10.8973	3.60023
11.8693	3.53075
12.7955	3.48578
13.9642	3.17086
15.0443	3.34684
0.440412	4.35501
1.62818	4.2132
2.60109	4.27112
3.46429	4.16354
4.54869	4.26031
5.62949	4.26924
6.49782	4.28134
7.40515	4.19333
8.35725	4.19604
9.52128	4.37624
10.5743	12.9853
11.4499	4.3416
12.2578	4.55703
13.6171	4.25814
14.352	4.50577
15.3754	4.35007
0.195649	5.19099
1.02236	4.97514
1.94241	5.11112
2.87869	5.05191
4.14345	5.08774
4.90711	5.1933
6.09226	5.07857
7.1412	5.2462
8.10264	5.18345
9.10005	4.979
10.0165	5.35173
11.057	4.87352
11.9353	5.1336
12.8862	5.27208
9.71147	12.7336
8.60285	13.0374
0.520703	5.9864
1.44907	5.89279
2.58532	5.96359
3.51371	6.11744
4.67506	12.8404
3.71865	12.8354
6.49861	5.92598
7.61324	5.9634
8.68636	5.86882
9.67297	5.96963
2.6231	12.8745
11.5799	5.80816
12.3763	6.27329
13.4824	6.01595
14.5922	6.00119
15.3296	5.99058
0.128332	7.01561
1.11563	6.81234
1.85769	6.88353
3.08882	6.8349
4.01395	6.99844
5.11439	6.89921
6.2478	6.64515
7.19792	6.72128
8.01943	7.01375
9.22355	6.91133
9.85838	6.7851
11.0219	6.77148
11.9272	7.11961
12.9655	7.1296
14.0759	6.96438
14.9145	6.85251
0.601945	7.86241
1.58589	7.59298
2.45672	7.5501
3.64331	7.71915
4.64395	7.67912
5.66774	7.7728
6.63996	7.58084
1.62456	12.773
8.53423	7.85921
9.49131	7.66539
10.3798	7.50298
11.5646	7.68992
12.3365	7.60397
13.6243	7.74363
14.4508	7.61699
15.6548	7.69969
0.317894	8.31868
0.760072	12.8485
2.10435	8.71842
3.05555	8.56265
4.02335	8.58331
5.08324	8.57947
6.25264	8.5213
7.01934	8.66952
8.03896	8.48365
9.10155	8.50186
9.96547	8.56989
10.995	8.61097
14.1048	11.9501
13.0269	8.63674
13.9787	8.49622
15.0357	8.48668
0.730301	9.57258
1.66345	9.31416
2.62065	9.38485
3.61022	9.31856
4.80819	9.35949
5.55753	9.41331
6.73857	9.47443
13.1483	12.0201
8.54782	9.52867
12.0751	12.0413
10.452	9.72619
11.4607	9.41561
12.3985	9.32981
11.1804	12.1993
14.5672	9.61573
15.5824	9.35013
0.296917	10.3567
1.38696	10.2068
9.02322	12.1605
3.19703	10.1918
4.06122	10.4128
5.09661	10.2792
6.02734	10.1708
6.95868	10.2868
8.10615	10.2838
9.02073	10.4506
10.0655	10.3519
11.1643	10.2859
12.1343	10.0004
13.0152	10.1075
14.1564	10.2444
14.9302	10.3497
0.706893	11.1254
1.40081	10.9756
2.59001	10.9835
3.54335	11.1207
4.63399	10.9647
5.57607	11.0209
6.65905	11.2603
7.53397	11.1232
8.64586	11.2203
9.58397	11.2244
10.7207	11.1839
11.7048	11.3072
12.6764	11.2883
8.05186	12.2122
14.6126	10.9386
15.567	11.1589
0.192688	11.9493
1.2249	12.0623
2.25017	12.057
3.00403	11.9151
4.03477	12.0436
7.14534	12.0667
