-3.35777	-0.939568
-1.18467	-0.156053
1.5302	0.0494781
1.46043	-0.158223
0.852385	-0.347651
2.72734	-0.123769
10.0181	0.852771
11.0371	0.653889
11.9758	0.468804
9.25711	0.066419
7.74953	-0.183606
6.95616	-0.467054
8.36078	-0.375281
10.6734	-0.122403
13.1307	0.107439
13.6395	-0.487585
107.336	12.8844
2.91974	0.516746
3.88222	0.227539
4.84739	0.243263
8.76617	0.742593
6.81594	0.43621
13.1903	1.34473
14.9454	1.73274
14.9656	0.817296
12.7533	0.517863
15.8654	0.818771
12.6181	0.244118
14.8001	0.448325
16.6164	0.758829
17.0925	0.257863
108.709	13.0629
9.59298	1.50508
7.24025	1.14941
104.264	13.0316
8.22668	0.782304
8.72527	1.64313
13.5456	1.38037
16.534	1.33754
15.4957	1.60444
16.9719	1.79675
19.3007	1.58059
18.866	1.34965
21.4371	1.71841
21.8829	1.30599
20.3288	1.14197
102.528	13.0036
23.048	1.18868
10.6035	1.6325
17.553	2.10476
14.6663	1.68728
21.3989	2.4828
17.1926	1.88474
15.6907	1.64201
17.3223	1.78135
19.5718	1.98753
23.3881	2.30027
22.9926	1.97221
22.4423	1.87897
23.8625	2.05848
23.4303	1.46931
25.675	1.80506
27.7503	1.96749
29.2779	2.04464
18.2018	2.67946
20.5924	2.5443
23.5655	2.97405
19.5092	2.35806
26.3528	3.13193
28.5667	3.31346
30.5453	3.4757
31.1665	3.38802
30.1056	3.18462
100.383	12.7375
27.1562	2.60034
25.696	2.38398
26.1822	1.97205
27.7249	2.11349
30.4693	2.46171
31.1798	2.38182
25.6327	3.58525
28.9794	3.95272
29.6298	3.87862
31.312	4.12768
30.3573	3.72065
31.501	3.66866
32.4328	3.63083
34.5876	3.83731
36.7827	4.04743
31.9245	3.31709
102.023	13.1626
29.0909	2.58489
39.642	3.92733
37.2731	3.48665
33.6187	2.88887
32.564	2.52586
30.6077	4.22325
29.9227	3.71255
32.0826	4.29345
33.1421	4.36701
34.1823	4.31643
30.8065	4.6137
65.5837	7.85472
66.5697	7.45976
67.3221	6.85808
48.4292	5.59236
51.8113	6.00669
54.4437	6.27056
34.4995	3.27304
46.0728	4.81449
100.25	13.0432
96.9402	12.6301
35.571	4.85975
36.5568	4.88916
38.4796	5.14239
38.0628	4.98674
95.2006	13.054
93.8876	12.8776
66.4849	8.12128
67.1632	7.76507
53.725	6.31697
53.4166	6.2621
92.8661	12.8817
57.0023	6.52707
51.6369	5.68635
55.6143	6.14682
74.2769	8.71176
52.31	5.36543
37.6549	5.12969
39.6465	5.38741
40.4365	5.4001
45.2691	6.03653
48.1916	6.43688
64.5965	8.63964
66.5313	8.88141
67.4373	8.58469
66.1545	8.2659
59.2104	7.06753
63.5235	7.63943
62.4695	7.3063
59.9273	6.94396
65.4277	7.51708
72.3529	8.45681
76.0198	8.94311
68.1778	9.99909
44.6081	6.02975
49.5307	6.667
50.9863	6.81971
62.3829	8.35808
66.1496	8.84229
68.3202	9.10507
91.362	12.8903
65.4139	8.92267
65.415	7.94618
67.0708	8.05863
65.891	7.69762
68.9915	8.04403
75.389	8.88479
79.3597	9.39901
80.8037	9.57767
71.1278	10.3859
92.0643	13.2845
60.9645	8.25896
57.8075	7.81742
58.8603	7.88873
64.5006	8.6551
69.3577	9.28937
71.3979	9.47934
73.0571	9.47785
69.9891	8.68459
69.1279	8.39899
73.7378	9.00301
99.0854	12.2535
77.4275	9.16573
79.3548	9.43142
83.2941	9.91049
74.2916	10.7969
62.1494	8.42463
63.5509	8.62059
71.5578	9.74023
74.476	10.0917
70.507	9.4946
73.5472	9.86584
93.0274	11.6835
74.8423	9.47625
98.0076	12.3787
79.7835	9.82791
78.8423	9.71024
78.3301	8.92004
96.1128	12.0919
84.7237	10.1714
88.7004	10.62
77.4613	11.2048
79.3288	11.2853
93.8063	12.2389
77.8101	10.654
78.7701	10.7078
77.3697	10.4808
77.7088	10.4733
80.6606	10.8934
80.0334	10.2004
87.201	11.3794
87.5324	10.9537
85.3917	10.5945
84.0155	10.4253
85.9628	10.6974
89.5837	10.8413
90.949	10.9568
84.4508	12.1426
80.8652	11.3515
82.8215	11.4358
79.9963	10.9121
82.6516	11.2553
79.8142	10.7938
81.7364	10.9506
83.4946	11.0909
85.5662	11.1432
88.9356	11.6305
89.1332	10.7591
90.5661	11.2534
88.248	11.0163
88.9053	11.6275
93.9343	11.4796
92.4664	11.2225
87.926	12.5085
89.1255	12.8635
88.7307	12.2508
91.6539	12.6316
90.4355	12.3801
86.2508	11.3642
