-3.47359	-0.686643
-1.30899	-0.219561
1.49018	-0.0134553
1.38102	-0.190022
0.685266	-0.366607
2.66124	-0.130392
10.243	0.854411
11.2118	0.650108
12.1003	0.460223
9.24154	0.0681967
7.61527	-0.18165
6.76114	-0.452097
8.20472	-0.353216
10.5962	-0.0963571
13.1071	0.137751
13.5992	-0.439374
112.028	12.9471
3.02162	0.494783
3.92644	0.165925
4.88788	0.2204
8.95985	0.72535
6.93281	0.43274
13.5719	1.33605
15.4069	1.70484
15.1811	0.815989
12.87	0.518461
16.099	0.82872
12.684	0.266613
14.9216	0.476286
16.7997	0.809815
17.208	0.27011
113.459	13.135
10.0831	1.50424
7.60652	1.14167
108.814	13.0549
8.44112	0.739176
8.89486	1.62446
13.9674	1.36767
17.0366	1.33318
15.957	1.59228
17.467	1.77818
19.7498	1.57329
19.2669	1.35002
21.9561	1.71146
22.3288	1.34457
20.7045	1.17847
107.112	13.0291
23.4693	1.19927
11.1113	1.62483
18.2423	2.06946
15.2231	1.65314
22.1916	2.47303
17.7646	1.87084
16.1909	1.63087
17.8302	1.7675
20.1335	1.97264
24.0702	2.28945
23.5779	1.96943
22.9929	1.87321
24.4686	2.03798
23.9463	1.50999
26.2867	1.82925
28.4099	1.97866
29.9434	2.04257
19.075	2.67437
21.4141	2.50685
24.5196	2.93491
20.2773	2.3263
27.3916	3.13594
29.6584	3.31083
31.6897	3.46755
32.2683	3.37888
31.1401	3.1812
104.894	12.7625
27.926	2.59417
26.3731	2.3815
26.8378	1.97325
28.4189	2.12462
31.2833	2.47292
31.9711	2.38531
26.8353	3.57371
30.2853	3.93004
30.9013	3.83713
32.6291	4.06545
31.5898	3.73928
32.6841	3.59637
33.6026	3.61267
35.8334	3.82591
38.1045	4.04278
32.9703	3.31204
106.624	13.1706
29.8839	2.5819
40.9391	3.92915
38.4493	3.49564
34.547	2.89038
33.3962	2.5253
32.0369	4.2107
31.2564	3.86307
33.4918	4.26121
34.55	4.31874
35.6033	4.32413
32.0877	4.60614
68.7804	7.79236
69.8002	7.49519
70.5915	6.94577
50.3894	5.60265
53.9353	6.02105
56.6728	6.28996
35.5446	3.27176
47.7401	4.82586
104.798	13.0493
101.329	12.6371
37.2269	4.84626
38.2059	4.8634
40.2065	5.11648
39.6859	4.96111
99.7863	13.0435
98.4276	12.8667
69.6648	8.11041
70.3343	7.82992
55.9376	6.32789
55.6001	6.27183
97.379	12.8632
59.3364	6.55165
53.6378	5.70356
57.8094	6.16451
77.4184	8.72832
54.0258	5.22664
39.3888	5.11346
41.4586	5.36901
42.2413	5.37386
47.307	6.01464
50.3652	6.41436
67.6346	8.62975
69.6392	8.87151
70.5692	8.66161
69.3074	8.29229
61.6757	7.07795
66.2075	7.65024
65.0963	7.33595
62.408	6.96989
68.1507	7.53932
75.4222	8.47725
79.2334	8.95696
71.7582	10.0046
46.6541	6.01074
51.8103	6.64761
53.2955	6.79734
65.3142	8.34563
69.2256	8.82887
71.4977	9.09576
95.8802	12.8522
68.514	8.88414
68.1955	7.96102
69.9244	8.07649
68.6833	7.73198
71.8969	8.06818
78.5895	8.90265
82.7477	9.41272
84.2332	9.58637
74.8589	10.3901
96.6554	13.1496
63.8502	8.24502
60.533	7.80267
61.6046	7.87348
67.5126	8.63793
72.5942	9.2746
74.6895	9.46828
76.3496	9.4879
73.0022	8.70147
72.0877	8.41974
76.9344	9.02393
103.374	12.2692
80.7078	9.18062
82.7149	9.44405
86.8295	9.91566
78.1185	10.7909
65.0887	8.41012
66.5439	8.60412
74.9777	9.72858
78.0028	10.0734
73.803	9.47218
76.9536	9.83664
97.1792	11.7083
78.1357	9.50902
102.396	12.4038
83.2753	9.84813
82.3237	9.73586
81.6389	9.08956
100.421	12.1159
88.3225	10.18
92.4881	10.62
81.422	11.1928
83.3116	11.278
98.0367	12.2458
81.5512	10.6464
82.4968	10.6869
81.0346	10.4603
81.3387	10.4304
84.4024	10.8174
83.6073	10.2619
91.1229	11.3966
91.4446	10.9763
89.1878	10.618
87.7722	10.454
89.7986	10.7244
93.4208	10.8491
94.8344	10.9574
88.7696	12.1142
84.87	11.3482
86.8484	11.4374
83.7883	10.893
86.5591	11.2329
83.5565	10.7644
85.5035	10.9174
87.3142	11.062
89.4259	11.1629
92.9199	11.6437
93.0987	10.7816
94.5909	11.2718
92.1632	11.0396
92.9056	11.6303
97.9621	11.4875
96.423	11.2266
92.431	12.5253
93.6173	12.7675
93.0655	12.2653
96.0941	12.6174
94.8029	12.3704
90.1608	11.3513
