-3.65731	-0.602531
-1.42207	-0.249542
1.4613	-0.056041
1.31147	-0.213902
0.518788	-0.383477
2.59848	-0.141356
10.4791	0.83854
11.3967	0.642667
12.2335	0.459517
9.22589	0.0742722
7.47305	-0.177325
6.55235	-0.440081
8.03556	-0.336994
10.507	-0.0784701
13.0648	0.153216
13.4942	-0.441732
116.906	12.9638
3.14311	0.501571
3.98159	0.113105
4.93934	0.199912
9.16881	0.705106
7.05985	0.420061
13.9693	1.29764
15.8843	1.62811
15.411	0.829824
12.992	0.523623
16.3393	0.835754
12.7485	0.283944
15.0454	0.498134
16.9986	0.85541
17.2862	0.254831
118.404	13.1797
10.5921	1.50477
7.99285	1.14844
113.578	13.0667
8.67441	0.702524
9.09586	1.60362
14.4145	1.3495
17.564	1.31164
16.4389	1.55404
17.9829	1.7305
20.2226	1.57001
19.6824	1.34941
22.4929	1.70243
22.7994	1.37878
21.1003	1.21016
111.919	13.048
23.8933	1.19806
11.6414	1.6267
18.9727	2.0423
15.8151	1.62595
23.0305	2.45951
18.3696	1.85154
16.7188	1.61079
18.3628	1.73624
20.7215	1.94089
24.7855	2.27194
24.1869	1.96428
23.5632	1.86475
25.0941	2.01458
24.4918	1.54674
26.927	1.84908
29.0953	1.98456
30.638	2.04375
19.9883	2.67184
22.2832	2.4788
25.5272	2.90637
21.0903	2.30133
28.491	3.13399
30.8092	3.29557
32.8919	3.44074
33.4219	3.35915
32.224	3.16963
109.626	12.7821
28.7285	2.5842
27.0768	2.37513
27.5215	1.97197
29.1441	2.13224
32.134	2.48028
32.7975	2.38824
28.0969	3.56705
31.6709	3.91778
32.2414	3.81049
34.0132	4.02671
32.8987	3.75376
33.9234	3.46187
34.8265	3.58135
37.138	3.8042
39.4898	4.03072
34.0642	3.30137
111.452	13.1786
30.7112	2.57594
42.2978	3.92802
39.6812	3.50122
35.5177	2.88953
34.2661	2.5257
33.5234	4.20093
32.656	4.06841
34.9784	4.24062
36.0339	4.28727
37.1034	4.32953
33.4972	4.55446
72.1728	7.75888
73.2313	7.67075
74.0079	7.10059
52.447	5.60629
56.1656	6.02906
59.0138	6.30319
36.6377	3.26753
49.489	4.83363
109.573	13.057
105.939	12.645
38.961	4.83709
39.939	4.84771
42.0216	5.10021
41.3954	4.94355
104.61	13.0334
103.204	12.8582
73.0415	8.11757
73.6575	7.95217
58.2611	6.33265
57.8928	6.27546
102.141	12.8574
61.788	6.57023
55.7382	5.71599
60.1143	6.17892
80.7194	8.74343
55.831	4.97815
41.2009	5.1015
43.3565	5.3557
44.1385	5.35684
49.4497	6.00072
52.6503	6.39972
70.8284	8.626
72.9066	8.86704
73.8573	8.79297
72.5806	8.28142
64.2652	7.08275
69.0264	7.65643
67.8563	7.35902
65.0139	6.98955
71.0118	7.55867
78.6478	8.49582
82.6098	8.9697
75.5177	10.0104
48.8008	5.99798
54.2059	6.63562
55.7228	6.78274
68.3955	8.34009
72.4592	8.82138
74.8382	9.09115
100.649	12.8378
71.7077	8.74822
71.1177	7.97006
72.9213	8.08909
71.6177	7.76008
74.9505	8.08893
81.9544	8.91924
86.3073	9.42571
87.8353	9.59478
78.7756	10.3948
101.494	13.0752
66.8844	8.2389
63.3982	7.7956
64.4893	7.86553
70.6785	8.62821
75.996	9.2659
78.1507	9.46164
79.8172	9.49651
76.1727	8.71183
75.1976	8.43451
80.2891	9.03852
107.868	12.2768
84.1611	9.19661
86.2478	9.45599
90.5422	9.92093
82.135	10.7865
68.1793	8.4035
69.691	8.59571
78.5751	9.72522
81.7102	10.0631
77.2662	9.45808
80.5301	9.81652
101.534	11.7267
81.6097	9.53401
106.999	12.4229
86.9377	9.86258
85.9729	9.75317
85.0641	9.47368
104.94	12.1344
92.1028	10.1869
96.4638	10.6207
85.578	11.1833
87.4987	11.276
102.48	12.253
85.4894	10.6479
86.4156	10.6734
84.8853	10.4479
85.1422	10.4001
88.3103	10.7611
87.3906	10.3116
95.2465	11.4106
95.5517	10.9955
93.1704	10.6361
91.712	10.4754
93.8215	10.7443
97.4479	10.8542
98.9117	10.9577
93.2914	12.0899
89.0883	11.3528
91.0978	11.4498
87.777	10.8817
90.6671	11.2173
87.4835	10.7434
89.4492	10.891
91.3185	11.0409
93.4858	11.1795
97.1074	11.6545
97.2585	10.7996
98.8127	11.2853
96.2695	11.056
97.1082	11.6336
102.186	11.4907
100.574	11.2282
97.1312	12.5215
98.3276	12.7005
97.6571	12.2938
100.773	12.6114
99.3991	12.3643
94.2642	11.3425
