-3.85803	-0.591484
-1.54021	-0.248286
1.42542	-0.0854403
1.23268	-0.239086
0.33608	-0.40277
2.52241	-0.159304
10.7096	0.804806
11.5829	0.636839
12.3731	0.469371
9.20797	0.0869632
7.3205	-0.168413
6.3283	-0.426995
7.85336	-0.321368
10.4112	-0.0612238
13.0211	0.169353
13.3696	-0.451276
122.019	12.9726
3.28286	0.545453
4.02772	0.0574556
4.98386	0.17632
9.37636	0.678919
7.1802	0.396445
14.3587	1.23538
16.3448	1.51743
15.6593	0.8567
13.1195	0.535689
16.5883	0.845199
12.8142	0.301445
15.1765	0.519167
17.2223	0.892793
17.3556	0.246401
123.593	13.2172
11.1291	1.52172
8.40456	1.18054
118.586	13.0829
8.90996	0.664779
9.30543	1.57759
14.8713	1.32508
18.0996	1.27259
16.919	1.49559
18.4953	1.66144
20.7161	1.57082
20.1145	1.35313
23.0507	1.69872
23.3019	1.4116
21.5235	1.24016
116.961	13.0654
24.3357	1.20663
12.2016	1.64855
19.7343	2.01846
16.43	1.60032
23.9055	2.44349
18.9936	1.82711
17.2584	1.58282
18.9016	1.69108
21.3179	1.89637
25.5238	2.24977
24.8209	1.96187
24.1562	1.86057
25.7429	1.99831
25.0735	1.5824
27.6043	1.87141
29.8169	1.99804
31.37	2.05971
20.9494	2.68143
23.1916	2.45596
26.5824	2.88489
21.9387	2.27955
29.6436	3.12999
32.0104	3.27007
34.1414	3.3962
34.6156	3.33017
33.3479	3.15193
114.588	12.8003
29.5643	2.5754
27.8105	2.37117
28.2398	1.97601
29.9082	2.14443
33.0305	2.49317
33.6677	2.4016
29.423	3.57149
33.1372	3.91837
33.6495	3.79587
35.4668	4.00571
34.2811	3.77185
35.2024	3.30106
36.0906	3.53756
38.491	3.77382
40.9317	4.01384
35.2029	3.28888
116.516	13.189
31.5783	2.57442
43.7269	3.93261
40.9778	3.51269
36.5397	2.89614
35.1817	2.53736
35.0746	4.19987
34.1648	4.06766
36.5434	4.23185
37.5936	4.26975
38.6821	4.33873
35.0084	4.45769
75.8282	7.6559
76.8831	7.78
77.7618	7.38509
54.5979	5.6061
58.4993	6.03404
61.4661	6.31471
37.7859	3.26842
51.3296	4.84684
114.583	13.0681
110.774	12.6551
40.7787	4.83667
41.7588	4.84261
43.9274	5.09412
43.1917	4.93514
109.668	13.0202
108.213	12.8479
76.621	8.16062
77.1957	8.11142
60.6916	6.33382
60.2913	6.27576
107.145	12.8539
64.3589	6.58843
57.944	5.73095
62.545	6.20078
84.2084	8.7718
57.6838	4.96086
43.0854	5.09657
45.3401	5.35037
46.1302	5.34961
51.6985	5.99541
55.048	6.39346
74.1816	8.62872
76.3416	8.86901
77.3058	8.96859
76.0707	8.1632
66.9754	7.08424
71.9782	7.66038
70.75	7.38052
67.7464	7.00825
74.0328	7.58761
82.0579	8.52713
86.1773	8.99615
79.4832	10.0314
51.0488	5.99318
56.7182	6.63158
58.2694	6.77626
71.6287	8.34143
75.8511	8.81995
78.3395	9.09132
105.659	12.8421
75.0926	8.31519
74.1773	7.97482
76.0591	8.09909
74.7003	7.78931
78.1731	8.11853
85.5187	8.95116
90.0689	9.45372
91.6385	9.61801
82.9032	10.4151
106.568	13.0541
70.0679	8.23949
66.4042	7.79557
67.5158	7.86486
73.9992	8.62556
79.562	9.26321
81.7793	9.45949
83.4551	9.50313
79.4946	8.71609
78.4517	8.44423
83.7901	9.04632
112.597	12.2923
87.8407	9.2364
89.9952	9.48597
94.4602	9.94155
86.365	10.7985
71.422	8.40352
72.9932	8.59386
82.3504	9.72746
85.599	10.0589
80.8972	9.45127
84.2774	9.80512
106.09	11.74
85.2568	9.55004
111.822	12.4391
90.756	9.87071
89.7668	9.75733
88.8008	9.49598
109.673	12.1503
96.1004	10.2099
100.652	10.6372
89.951	11.1907
91.9044	11.2861
107.141	12.2612
89.625	10.654
90.5271	10.6649
88.9232	10.4419
89.1235	10.3825
92.3933	10.7267
91.3718	10.3465
99.5711	11.4218
99.8485	11.0118
97.3303	10.649
95.8222	10.4875
98.0209	10.7559
101.695	10.8733
103.207	10.973
98.0352	12.0864
93.5269	11.3654
95.5692	11.4652
91.9625	10.875
94.9756	11.2058
91.5979	10.73
93.579	10.8728
95.5114	11.0287
97.7446	11.1926
101.498	11.6632
101.607	10.8137
103.228	11.2949
100.558	11.0653
101.515	11.6377
106.636	11.5054
104.946	11.243
102.06	12.5243
103.258	12.6728
102.497	12.3215
105.686	12.6065
104.22	12.3581
98.564	11.3384
