-4.05731	-0.58652
-1.64678	-0.240984
1.39485	-0.120194
1.15412	-0.278665
0.151401	-0.436723
2.45392	-0.196298
10.9726	0.740701
11.8308	0.881715
12.5148	0.490469
9.19424	0.104261
7.17054	-0.157837
6.10525	-0.415036
7.67551	-0.308472
10.3255	-0.0472848
12.9915	0.184009
13.248	-0.455547
127.4	12.9843
3.46741	0.604537
4.07289	-0.0138478
5.03389	0.137111
9.60135	0.635631
7.31985	0.349865
14.7648	1.14634
16.8032	1.38163
15.9368	0.888493
13.264	0.550589
16.8618	0.853333
12.8971	0.315722
15.3304	0.534632
17.4804	0.910226
17.4392	0.251813
129.056	13.2529
11.7153	1.54677
8.86501	1.22296
123.859	13.0975
9.15915	0.613513
9.53515	1.53459
15.3561	1.28503
18.6622	1.21115
17.4177	1.41484
19.0217	1.57159
21.2439	1.56956
20.5782	1.3572
23.6453	1.69619
23.85	1.43529
21.9879	1.26071
122.268	13.08
24.8174	1.22321
12.8138	1.67775
20.5413	1.98587
17.0814	1.56424
24.8326	2.41633
19.6542	1.78884
17.8278	1.53931
19.4651	1.6279
21.9403	1.83624
26.3015	2.2186
25.4956	1.95825
24.7881	1.85663
26.4321	1.98487
25.7054	1.60927
28.3341	1.88917
30.5925	2.01333
32.1597	2.08093
21.9777	2.69409
24.1543	2.42616
27.7007	2.8582
22.8376	2.24942
30.8652	3.11652
33.2768	3.23088
35.4525	3.33406
35.868	3.28848
34.5299	3.12423
119.81	12.816
30.4501	2.56383
28.5906	2.36542
29.008	1.97875
30.7272	2.15428
33.989	2.50473
34.6003	2.41745
30.8326	3.57732
34.6932	3.9192
35.1421	3.78028
37.0083	3.98763
35.7531	3.78502
36.535	3.14816
37.4139	3.47819
39.9115	3.73146
42.4494	3.98862
36.4047	3.27084
121.845	13.1999
32.5011	2.57151
45.242	3.93566
42.3553	3.52269
37.6302	2.9029
36.1621	2.55177
36.7197	4.19954
35.7654	4.06754
38.202	4.22259
39.2469	4.25303
40.3572	4.34288
36.598	4.3193
79.3393	8.02921
80.3801	8.24056
80.9153	7.43953
56.864	5.59907
60.9589	6.03274
64.0517	6.3205
39.0049	3.26786
53.2767	4.8575
119.852	13.0802
115.861	12.6651
42.703	4.83605
43.6851	4.83645
45.9438	5.08679
45.0938	4.92491
114.988	12.9918
113.48	12.8239
80.2688	8.16866
80.4809	8.25157
63.2524	6.32882
62.8186	6.26998
112.412	12.8387
67.0706	6.6014
60.2735	5.74207
65.1115	6.21934
87.8855	8.79675
59.6432	4.95645
45.0795	5.09128
47.4383	5.34439
48.2367	5.34095
54.0749	5.98803
57.5806	6.38502
77.7183	8.62824
79.9681	8.86808
80.962	8.96962
79.3585	8.15698
69.8311	7.08029
75.0886	7.65998
73.8009	7.3963
70.6278	7.02153
77.2189	7.61255
85.6525	8.55459
89.937	9.01951
83.6602	10.0509
53.4243	5.98693
59.371	6.62525
60.9581	6.76748
75.0382	8.33965
79.4258	8.81503
82.0263	9.08734
110.934	12.8455
78.3704	8.0945
77.4011	7.97425
79.3655	8.10477
77.9501	7.81253
81.5706	8.14339
89.2751	8.97872
94.0321	9.47862
95.6454	9.63901
87.2502	10.4345
111.906	13.0457
73.4244	8.23619
69.5746	7.79211
70.7078	7.86124
77.4994	8.61987
83.3174	9.25681
85.6007	9.45355
87.2878	9.50335
82.9948	8.71414
81.8803	8.44888
87.4778	9.0506
117.577	12.3063
91.7191	9.2697
93.9441	9.51158
98.5875	9.96037
90.8193	10.8107
74.8407	8.39951
76.4742	8.58791
86.3274	9.72433
89.6941	10.05
84.7213	9.4414
88.2224	9.79225
110.886	11.7509
89.1007	9.55686
116.899	12.4528
94.7768	9.87535
93.7615	9.76014
92.7373	9.51413
114.655	12.1635
100.312	10.2298
105.063	10.6533
94.5549	11.1992
96.544	11.2938
112.045	12.2683
93.9806	10.6532
94.8559	10.6505
93.174	10.4314
93.3121	10.3664
96.6852	10.7008
95.5702	10.3682
104.124	11.4285
104.372	11.0245
101.71	10.6587
100.15	10.4975
102.442	10.7653
106.169	10.8904
107.73	10.9877
103.026	12.0887
98.2021	11.3727
100.28	11.4715
96.3691	10.8617
99.5104	11.1874
95.9276	10.7136
97.9233	10.8545
99.9227	11.0177
102.229	11.2003
106.12	11.6684
106.184	10.8254
107.875	11.302
105.074	11.0724
106.152	11.6396
111.323	11.5186
109.551	11.2568
107.245	12.5315
108.442	12.6575
107.599	12.3356
110.856	12.5898
109.293	12.3397
103.088	11.3337
