-4.26203	-0.579776
-1.751	-0.230717
1.35475	-0.151618
1.0568	-0.318125
-0.0554784	-0.471175
2.3708	-0.23222
11.2401	0.682124
12.0513	0.995302
12.6646	0.500856
9.1854	0.111036
7.02091	-0.157176
5.87971	-0.412195
7.49817	-0.304673
10.2456	-0.0423084
12.9716	0.193011
13.1248	-0.453423
133.055	12.9995
3.69522	0.665362
4.09671	-0.0817928
5.0699	0.0973603
9.82356	0.59353
7.45518	0.305961
15.1646	1.07195
17.2382	1.27637
16.2451	0.902134
13.4252	0.554177
17.1573	0.852246
12.9935	0.319996
15.5024	0.538455
17.7612	0.899338
17.5378	0.271346
134.802	13.2867
12.3485	1.57426
9.37212	1.26632
129.407	13.1072
9.40307	0.563829
9.75931	1.49268
15.8509	1.24666
19.236	1.15014
17.9157	1.34629
19.5443	1.49601
21.8036	1.55755
21.0727	1.35262
24.2763	1.68668
24.4378	1.44423
22.4869	1.26571
127.85	13.0858
25.3367	1.24508
13.4755	1.70711
21.3777	1.95495
17.7526	1.5297
25.7964	2.3896
20.3346	1.75202
18.4099	1.49866
20.0369	1.57074
22.5753	1.78065
27.1122	2.1835
26.2106	1.94694
25.4584	1.84548
27.1611	1.96659
26.382	1.62213
29.1123	1.89738
31.4193	2.02648
33.0039	2.10222
23.0683	2.70609
25.1558	2.39814
28.8674	2.83337
23.7715	2.22079
32.1422	3.10209
34.5957	3.18983
36.8132	3.26913
37.175	3.24117
35.7667	3.0912
125.303	12.823
31.3857	2.54555
29.4168	2.35245
29.8237	1.97364
31.5979	2.15663
35.0072	2.51072
35.5919	2.43171
32.3177	3.58251
36.3289	3.91982
36.7064	3.7669
38.6253	3.97386
37.3019	3.79655
37.9098	3.01831
38.7914	3.41329
41.3974	3.68378
44.0438	3.95828
37.6696	3.24684
127.447	13.2018
33.4786	2.56173
46.8439	3.9336
43.8134	3.52771
38.7869	2.90588
37.2033	2.56507
38.4489	4.19845
37.4479	4.06685
39.9424	4.21383
40.9809	4.23908
42.1157	4.34472
38.2392	4.14395
83.1324	7.92461
83.8295	8.72597
84.3317	7.90384
59.253	5.58811
63.5531	6.02758
66.7796	6.32191
40.2947	3.26137
55.3333	4.86314
125.392	13.083
121.207	12.6662
44.7222	4.83422
45.7055	4.82982
48.0581	5.07875
47.0881	4.9144
120.563	12.9629
119.001	12.7988
84.0441	8.15371
83.8975	8.71593
65.9544	6.3207
65.4849	6.26095
117.937	12.822
69.9322	6.60954
62.7326	5.74829
67.8184	6.23282
91.7575	8.8173
61.6988	4.95199
47.1714	5.08483
49.6386	5.33708
50.4449	5.33129
56.5643	5.97877
60.2327	6.3741
81.409	8.61828
83.7468	8.85462
84.763	8.9317
82.7754	8.44578
72.8461	7.0741
78.3719	7.6576
77.0202	7.40731
73.6684	7.03005
80.5764	7.63243
89.4382	8.57729
93.8952	9.03879
88.0546	10.0677
55.9135	5.97883
62.1491	6.61656
63.7728	6.75559
78.6006	8.33073
83.1577	8.80102
85.8725	9.07224
116.475	12.85
81.7857	8.20823
80.8092	7.9728
82.853	8.1071
81.3778	7.83037
85.1511	8.16311
93.231	9.00125
98.2036	9.49951
99.8621	9.6567
91.8221	10.4517
117.513	13.0434
76.9393	8.22973
72.8937	7.78555
74.0463	7.85223
81.1577	8.60775
87.2406	9.24208
89.599	9.43947
91.3074	9.49556
86.6847	8.70882
85.4975	8.45022
91.364	9.05109
122.816	12.316
95.8036	9.29642
98.1016	9.53212
102.93	9.97629
95.5029	10.8217
78.4209	8.39236
80.1198	8.57888
90.4946	9.71787
93.9839	10.0372
88.7216	9.42615
92.3519	9.77455
115.931	11.7549
93.1416	9.55577
122.239	12.4585
99.0107	9.8749
97.9678	9.75956
96.8826	9.52733
119.895	12.169
104.744	10.2454
109.702	10.6675
99.3946	11.2075
101.419	11.3001
117.199	12.267
98.5477	10.6495
99.3928	10.6328
97.6287	10.4174
97.7013	10.3483
101.186	10.6773
99.9829	10.3774
108.908	11.4269
109.13	11.0296
106.319	10.6622
104.704	10.5024
107.095	10.7693
110.875	10.9039
112.487	11.0003
108.269	12.0939
103.112	11.3776
105.226	11.4743
100.988	10.8457
104.264	11.1668
100.466	10.6948
102.48	10.8343
104.552	11.0037
106.94	11.1995
110.977	11.6655
110.999	10.8309
112.765	11.3024
109.825	11.0737
111.025	11.6342
116.252	11.5282
114.394	11.2677
112.695	12.5419
113.883	12.6489
112.957	12.3453
116.277	12.5714
114.61	12.3198
107.839	11.3239
