-4.47481	-0.560978
-1.85747	-0.212568
1.29851	-0.159636
0.932773	-0.332786
-0.293445	-0.485304
2.26288	-0.245627
11.4978	0.654534
12.2675	1.0589
12.8286	0.505983
9.18149	0.115314
6.86866	-0.157374
5.64867	-0.40961
7.31829	-0.301406
10.1684	-0.0384597
12.959	0.202039
12.9989	-0.435565
138.996	13.0267
3.96475	0.715954
4.09065	-0.112805
5.08453	0.0796329
10.0356	0.574276
7.57556	0.287715
15.5597	1.03421
17.6655	1.22023
16.577	0.907641
13.6001	0.555412
17.4728	0.850823
13.1005	0.322813
15.6883	0.538772
18.0505	0.869067
17.6575	0.309685
140.843	13.3264
13.0289	1.60457
9.92543	1.30601
135.239	13.1183
9.63447	0.541743
9.98141	1.47409
16.3513	1.23018
19.8206	1.11301
18.4167	1.31024
20.0708	1.45388
22.3921	1.54764
21.5965	1.34871
24.9428	1.67905
25.0601	1.44652
23.0146	1.26324
133.718	13.0916
25.8956	1.27573
14.1864	1.73566
22.2378	1.94582
18.4376	1.51862
26.7931	2.38108
21.0315	1.73585
19.0027	1.48038
20.6186	1.53903
23.2264	1.74764
27.9571	2.16012
26.9656	1.93834
26.1661	1.83646
27.9294	1.95164
27.099	1.6292
29.9363	1.90325
32.2968	2.04272
33.9022	2.12568
24.2204	2.72205
26.1912	2.39024
30.078	2.82705
24.7356	2.21267
33.4713	3.10248
35.965	3.16687
38.2225	3.22517
38.5391	3.20728
37.0611	3.06914
131.076	12.8303
32.3719	2.53205
30.2892	2.34252
30.6845	1.96788
32.5186	2.15841
36.0843	2.51776
36.6422	2.4489
33.8758	3.59423
38.0413	3.92931
38.3382	3.76871
40.314	3.97573
38.9236	3.81752
39.3263	2.93277
40.2255	3.36489
42.9522	3.64955
45.7192	3.93824
39.0004	3.23036
133.336	13.2036
34.5104	2.55369
48.5349	3.93473
45.3536	3.53517
40.0101	2.91143
38.3044	2.58176
40.2592	4.20487
39.2093	4.07443
41.7609	4.21664
42.7914	4.2398
43.9535	4.35595
39.9147	3.94735
87.0211	7.93079
87.7253	8.72596
88.0997	7.83829
61.7738	5.58719
66.2919	6.03187
69.6597	6.33129
41.6562	3.25736
57.5034	4.8725
131.212	13.0855
126.824	12.668
46.8326	4.84033
47.8159	4.83383
50.266	5.08116
49.1704	4.91531
126.398	12.9536
124.778	12.7921
87.9392	8.13275
87.7394	8.68577
68.8086	6.32296
68.3009	6.26212
123.727	12.8221
72.9534	6.62416
65.3284	5.75966
70.6721	6.25044
95.8334	8.84309
63.8469	4.95601
49.3572	5.08668
51.9371	5.33822
52.7504	5.33195
59.1618	5.97916
62.9992	6.37229
85.2414	8.61093
87.6609	8.84145
88.6826	8.88734
86.5394	8.43177
76.0338	7.07865
81.842	7.66551
80.4195	7.42513
76.8787	7.04527
84.1137	7.65695
93.4239	8.60491
98.0611	9.06356
92.6754	10.0911
58.512	5.97948
65.0477	6.61691
66.7083	6.75225
82.3066	8.32654
87.0354	8.78961
89.8645	9.05743
122.289	12.8659
85.4728	8.20622
84.4192	7.98328
86.5341	8.11772
84.9946	7.85397
88.924	8.1879
97.3958	9.02858
102.593	9.52596
104.298	9.68048
96.628	10.4759
123.401	13.0532
80.6084	8.23234
76.3567	7.78782
77.5244	7.84961
84.9659	8.60093
91.322	9.23062
93.7686	9.429
95.5136	9.49219
90.5764	8.71292
89.317	8.4603
95.4612	9.05901
128.323	12.3287
100.104	9.32667
102.477	9.55722
107.497	9.99861
100.425	10.8405
82.1587	8.39439
83.9266	8.57919
94.8509	9.72118
98.4667	10.0334
92.8924	9.41741
96.6625	9.76352
121.238	11.7614
97.3845	9.55995
127.854	12.4651
103.469	9.8802
102.397	9.76584
101.248	9.54567
125.405	12.176
109.406	10.266
114.578	10.6889
104.479	11.2243
106.536	11.3159
122.611	12.2673
103.327	10.6569
104.138	10.6255
102.288	10.4131
102.292	10.3396
105.899	10.6652
104.613	10.3882
113.93	11.4283
114.133	11.0374
111.168	10.6697
109.497	10.5122
111.991	10.7776
115.823	10.9225
117.486	11.0195
113.775	12.1102
108.263	11.3927
110.409	11.4882
105.821	10.8413
109.237	11.1586
105.215	10.6865
107.252	10.8235
109.405	10.9974
111.883	11.202
116.077	11.6654
116.064	10.8404
117.907	11.3061
114.824	11.079
116.138	11.6321
121.434	11.5423
119.485	11.2842
118.418	12.5638
119.594	12.6539
118.579	12.3661
121.954	12.5697
120.175	12.3164
112.823	11.3195
