-4.69298	-0.544893
-1.96293	-0.204138
1.2448	-0.147041
0.809268	-0.32053
-0.53505	-0.482257
2.1589	-0.243326
11.774	0.643162
12.5028	1.11843
12.9984	0.504821
9.17268	0.113093
6.70286	-0.164692
5.39835	-0.415499
7.121	-0.307446
10.0808	-0.04558
12.9445	0.196423
12.8719	-0.416479
145.24	13.0503
4.26104	0.722648
4.08836	-0.0949782
5.10992	0.0833312
10.2696	0.567553
7.71096	0.285304
15.9748	1.01271
18.1078	1.18312
16.9254	0.905698
13.7788	0.550477
17.7948	0.842759
13.2041	0.316365
15.8735	0.527186
18.3279	0.81997
17.8005	0.342274
147.19	13.3548
13.7511	1.61551
10.5162	1.3153
141.365	13.1178
9.88935	0.554648
10.3221	1.45905
16.8889	1.22545
20.4417	1.07688
18.9441	1.28618
20.6215	1.4234
23.009	1.53451
22.1377	1.33969
25.6323	1.66713
25.7018	1.43481
23.5557	1.24608
139.872	13.0882
26.4909	1.29477
14.9407	1.74063
23.1614	1.95993
19.1739	1.53406
27.8554	2.38483
21.7764	1.73118
19.6359	1.47292
21.234	1.51486
23.9101	1.72125
28.8426	2.13847
27.7487	1.92686
26.8983	1.8229
28.7239	1.93264
27.842	1.62163
30.7939	1.89586
33.2173	2.0469
34.8508	2.13223
25.4346	2.7267
27.2997	2.40328
31.3697	2.83773
25.7665	2.22358
34.8816	3.11287
37.4058	3.16234
39.6922	3.20461
39.9641	3.17999
38.4153	3.04894
137.133	12.8294
33.3977	2.51687
31.1956	2.32843
31.5767	1.95278
33.4767	2.1484
37.2095	2.51331
37.7465	2.45332
35.5216	3.60247
39.8521	3.94064
40.0709	3.78224
42.1088	3.98805
40.651	3.84024
40.791	2.88763
41.7212	3.33258
44.5762	3.62398
47.4717	3.92006
40.3894	3.21389
139.511	13.1979
35.583	2.5387
50.3033	3.92777
46.9648	3.53286
41.2909	2.90563
39.4632	2.58623
42.1711	4.21062
41.0712	4.08354
43.6862	4.22612
44.7118	4.25094
45.9045	4.36977
41.6406	3.69535
91.1191	7.93712
91.8449	8.71542
91.761	7.75748
64.4149	5.5851
69.1622	6.03373
72.6783	6.33628
43.0765	3.24639
59.7759	4.87347
137.319	13.0823
132.716	12.6653
49.0601	4.84728
50.0451	4.84353
52.5968	5.08891
51.3735	4.92289
132.532	12.9592
130.852	12.8005
92.04	8.12401
91.7711	8.67606
71.8001	6.32306
71.2525	6.26111
129.812	12.8348
76.1206	6.63224
68.0484	5.7636
73.6623	6.25962
100.109	8.86123
66.1131	4.9615
51.663	5.0901
54.3606	5.34133
55.1829	5.33822
61.8997	5.98531
65.9126	6.37571
89.2678	8.61089
91.7704	8.83673
92.7945	8.86882
90.4898	8.43211
79.3763	7.08015
85.4816	7.66951
83.9846	7.43628
80.2449	7.05368
87.8234	7.67327
97.6053	8.62462
102.432	9.08111
97.5273	10.1089
61.2486	5.98356
68.0979	6.62236
69.7976	6.75474
86.2018	8.32889
91.1094	8.78467
94.056	9.0495
128.398	12.8807
89.3424	8.2116
88.2071	7.99011
90.3955	8.12311
88.7889	7.87
92.8827	8.20482
101.768	9.04817
107.201	9.54575
108.954	9.69803
101.675	10.4953
129.587	13.0597
84.4628	8.24074
79.9958	7.7954
81.1808	7.85313
88.967	8.60034
95.6073	9.22474
98.1445	9.42274
99.9275	9.49009
94.6591	8.71431
93.3244	8.46572
99.7598	9.06114
134.109	12.332
104.62	9.34832
107.073	9.57465
112.293	10.0152
105.595	10.8554
86.0855	8.40227
87.9258	8.58503
99.4257	9.72934
103.174	10.035
97.2724	9.41442
101.187	9.75733
126.803	11.7593
101.836	9.56201
133.742	12.4633
108.147	9.87944
107.045	9.7656
105.831	9.55535
131.184	12.176
114.303	10.2796
119.699	10.7056
109.82	11.2377
111.912	11.3316
128.29	12.2645
108.347	10.6689
109.121	10.6233
107.178	10.4142
107.109	10.3358
110.844	10.6574
109.473	10.3963
119.199	11.4279
119.383	11.0419
116.254	10.6722
114.523	10.5141
117.124	10.777
121.021	10.9344
122.738	11.0334
119.559	12.124
113.674	11.4087
115.856	11.5061
110.897	10.8423
114.46	11.158
110.199	10.6835
112.258	10.8161
114.496	10.9927
117.07	11.2027
121.428	11.6627
121.377	10.8485
123.302	11.3057
120.065	11.0756
121.502	11.6284
126.879	11.5488
124.834	11.294
124.433	12.5829
125.593	12.6588
124.486	12.3902
127.921	12.5807
126.024	12.3254
118.05	11.3156
