-4.92006	-0.528862
-2.07601	-0.213911
1.17577	-0.112161
0.661044	-0.277161
-0.808614	-0.457752
2.02513	-0.222033
12.039	0.654589
12.7467	1.15975
13.182	0.503312
9.17203	0.110493
6.53861	-0.171783
5.14775	-0.425376
6.92686	-0.320209
9.99908	-0.062647
12.9377	0.174749
12.7439	-0.39368
151.798	13.0733
4.57394	0.658165
4.06384	-0.0218016
5.11258	0.113553
10.4856	0.593992
7.82641	0.305224
16.3915	1.0153
18.5593	1.17385
17.2932	0.906261
13.9743	0.544478
18.1445	0.82838
13.3232	0.302473
16.0774	0.506503
18.6074	0.760791
17.97	0.361827
153.861	13.3783
14.516	1.59493
11.1414	1.27661
147.8	13.1015
10.1261	0.595591
10.5563	1.49262
17.4215	1.24701
21.0667	1.07883
19.4779	1.28859
21.1848	1.41927
23.6536	1.53247
22.7169	1.32704
26.3674	1.64987
26.3828	1.41139
24.128	1.21859
146.346	13.0776
27.127	1.29289
15.7385	1.70915
24.0893	1.98858
19.9098	1.56772
28.9369	2.40042
22.5257	1.74751
20.27	1.49011
21.8572	1.51871
24.613	1.7183
29.7635	2.13402
28.5833	1.91244
27.6807	1.80552
29.5694	1.90752
28.6309	1.60361
31.7029	1.87628
34.1934	2.03314
35.8527	2.11128
26.7126	2.71001
28.4222	2.4249
32.6884	2.85439
26.8107	2.2484
36.3324	3.12499
38.8903	3.16679
41.2121	3.20471
41.4525	3.17617
39.8314	3.04571
143.502	12.8228
34.487	2.50155
32.1622	2.31253
32.5217	1.92518
34.4925	2.12601
38.4019	2.49477
38.913	2.43705
37.2412	3.59277
41.7382	3.93714
41.8619	3.79157
43.9645	3.99433
42.4385	3.8516
42.3107	2.90087
43.2822	3.32345
46.2766	3.61615
49.3114	3.91293
41.854	3.20296
146.007	13.1906
36.7225	2.51599
52.1722	3.91076
48.6684	3.5178
42.6455	2.8858
40.6859	2.57004
44.1663	4.20086
43.0114	4.07542
45.6859	4.22655
46.7024	4.25621
47.9273	4.3759
43.3507	3.44329
95.4149	8.00876
96.2007	8.72342
96.2026	7.76
67.1925	5.58757
72.1819	6.03746
75.8557	6.34017
44.5809	3.22543
62.1738	4.86495
143.739	13.0774
138.912	12.6597
51.3851	4.84195
52.3686	4.84605
55.0284	5.09073
53.6661	4.92399
138.953	12.9818
137.211	12.8248
96.3486	8.11773
96.004	8.65923
74.947	6.32589
74.3568	6.26259
136.193	12.8607
79.4554	6.63679
70.9147	5.76113
76.8153	6.26069
104.61	8.87251
68.4803	4.95505
54.0717	5.08233
56.8935	5.33462
57.7225	5.33856
64.7623	5.98614
68.9623	6.37571
93.4907	8.60961
96.0838	8.83151
97.111	8.85314
94.6386	8.42127
82.892	7.08235
89.3097	7.6727
87.7364	7.44427
83.7884	7.0593
91.7299	7.68247
102.006	8.63727
107.032	9.09154
102.626	10.1191
64.1136	5.98031
71.2944	6.62248
73.0338	6.75336
90.2859	8.32967
95.3822	8.78037
98.456	9.04237
134.811	12.8896
93.4074	8.20685
92.1894	7.99469
94.4568	8.12686
92.7808	7.88133
97.0476	8.21536
106.364	9.06018
112.044	9.55761
113.85	9.70797
106.978	10.5067
136.081	13.0585
88.5107	8.24618
83.8159	7.79997
85.0149	7.85431
93.1646	8.59923
100.107	9.22154
102.743	9.41918
104.568	9.48801
98.9526	8.71361
97.5381	8.46916
104.279	9.06304
140.183	12.3212
109.365	9.36166
111.9	9.58356
117.331	10.024
111.025	10.8625
90.209	8.40756
92.1249	8.58961
104.231	9.74002
108.117	10.0399
101.871	9.41309
105.941	9.75405
132.658	11.7556
106.518	9.5616
139.937	12.4571
113.065	9.87859
111.929	9.76673
110.644	9.56369
137.263	12.171
119.445	10.2835
125.078	10.7145
115.428	11.2446
117.557	11.3415
134.261	12.2572
113.618	10.6857
114.354	10.6276
112.316	10.4196
112.173	10.3348
116.043	10.6519
114.583	10.3998
124.74	11.4218
124.9	11.0415
121.603	10.6717
119.812	10.5175
122.527	10.7793
126.478	10.936
128.253	11.0385
125.634	12.1341
119.355	11.4233
121.573	11.5242
116.226	10.8507
119.942	11.1653
115.436	10.6856
117.522	10.8114
119.851	10.9879
122.525	11.1993
127.055	11.6542
126.96	10.8508
128.972	11.2998
125.581	11.0736
127.144	11.6211
132.595	11.5437
130.449	11.294
130.748	12.5993
131.89	12.6603
130.686	12.4145
134.176	12.6044
132.154	12.3473
123.548	11.3089
