-5.16398	-0.509932
-2.20821	-0.229627
1.12761	-0.0709196
0.546973	-0.222972
-1.06141	-0.426787
1.91672	-0.195224
12.3442	0.671051
13.026	1.21072
13.3736	0.503955
9.16633	0.108639
6.35838	-0.179495
4.87191	-0.437488
6.708	-0.33582
9.89772	-0.0847204
12.9152	0.140727
12.6034	-0.36239
158.68	13.0979
4.8316	0.571608
4.09994	0.0704936
5.16101	0.153128
10.7511	0.621514
7.9804	0.330191
16.8481	1.02257
19.0446	1.16896
17.6821	0.909025
14.1741	0.539995
18.4976	0.814743
13.433	0.286597
16.2732	0.482133
18.8708	0.701676
18.1426	0.371202
160.858	13.396
15.2883	1.56196
11.7525	1.22193
154.545	13.0763
10.4271	0.651454
10.9421	1.50251
18.0152	1.26913
21.7498	1.07176
20.0575	1.29373
21.7909	1.41833
24.3363	1.53393
23.313	1.31683
27.1247	1.63545
27.076	1.38437
24.7066	1.18744
153.129	13.0641
27.7764	1.28129
16.5421	1.66477
25.1076	2.02341
20.7276	1.60996
30.1048	2.41562
23.3453	1.76389
20.9665	1.50785
22.5337	1.52327
25.3661	1.71879
30.7401	2.13531
29.448	1.90308
28.487	1.7912
30.4392	1.88473
29.4387	1.58074
32.6361	1.85148
35.1977	2.01241
36.8787	2.07995
28.0369	2.68538
29.6411	2.45136
34.1078	2.87291
27.9456	2.2763
37.8811	3.13439
40.4679	3.18734
42.8184	3.23547
43.0232	3.19016
41.3247	3.05214
150.177	12.8143
35.6203	2.49288
33.1642	2.3014
33.4915	1.89425
35.5372	2.09867
39.6326	2.4711
40.117	2.41302
39.0438	3.57817
43.7241	3.93008
43.7659	3.79881
45.9368	3.9949
44.3396	3.8457
43.9146	2.98097
44.9302	3.34513
48.067	3.62904
51.2441	3.91646
43.387	3.20053
152.817	13.1817
37.9003	2.4935
54.1166	3.89189
50.438	3.49913
44.0473	2.86027
41.95	2.54582
46.2642	4.1873
45.0533	4.06467
47.7996	4.22427
48.8141	4.25711
50.0735	4.36915
45.0729	3.16665
99.9381	8.11113
100.832	8.68468
100.614	7.74624
70.1058	5.59614
75.3478	6.04564
79.185	6.34635
46.1421	3.20422
64.6757	4.85422
150.473	13.0724
145.411	12.6544
53.8335	4.83277
54.8192	4.84487
57.5922	5.08837
56.091	4.91849
145.725	13.0099
143.917	12.8547
100.878	8.11288
100.449	8.6522
78.247	6.33324
77.6122	6.26862
142.909	12.8911
82.948	6.64129
73.912	5.75754
80.1114	6.25926
109.325	8.88131
70.9724	4.94487
56.6074	5.07088
59.5599	5.32416
60.3996	5.33488
67.7786	5.98283
72.1733	6.37156
97.9298	8.60862
100.616	8.82753
101.645	8.84387
98.9941	8.42012
86.5788	7.08761
93.3234	7.67751
91.6682	7.45192
87.5007	7.06451
95.8204	7.68917
106.617	8.64735
111.852	9.09974
107.974	10.1278
67.1284	5.97359
74.6575	6.61963
76.4395	6.74892
94.5803	8.3298
99.8738	8.77608
103.079	9.0363
141.544	12.8963
97.6739	8.2096
96.367	8.00111
98.7146	8.13096
96.9651	7.89139
101.412	8.22382
111.183	9.06983
117.123	9.5676
118.983	9.71615
112.541	10.5168
142.895	13.0566
92.7648	8.25052
87.8314	7.80262
89.0469	7.85399
97.5772	8.59755
104.834	9.21803
107.572	9.41549
109.438	9.48633
103.456	8.71445
101.957	8.47335
109.018	9.0645
146.554	12.3042
114.342	9.37231
116.964	9.59005
122.617	10.0312
116.723	10.8689
94.5426	8.4119
96.5382	8.59305
109.28	9.74975
113.312	10.0443
106.703	9.41157
110.933	9.75077
138.793	11.7493
111.431	9.56196
146.428	12.4484
118.221	9.87708
117.051	9.76634
115.694	9.56888
143.633	12.165
124.84	10.285
130.721	10.7221
121.314	11.2509
123.484	11.3518
140.526	12.251
119.158	10.7022
119.854	10.6306
117.715	10.4245
117.49	10.3345
121.5	10.6476
119.947	10.4038
130.554	11.4168
130.687	11.0428
127.211	10.6716
125.354	10.5184
128.188	10.778
132.204	10.9348
134.04	11.0417
132.008	12.1442
125.322	11.4374
127.58	11.5425
121.828	10.8587
125.708	11.1736
120.938	10.688
123.048	10.8074
125.47	10.9839
128.249	11.1966
132.959	11.6464
132.813	10.8573
134.917	11.2956
131.361	11.0686
133.063	11.6149
138.591	11.5347
136.34	11.2909
137.376	12.6169
138.501	12.6628
137.201	12.4378
140.763	12.6325
138.611	12.3731
129.318	11.3036
