0.0158486	0.298655
0.851511	0.125884
2.01617	0.227999
2.79678	0.150884
4.0461	0.123922
4.92413	-0.201245
5.99115	-0.215393
6.86001	-0.185121
7.64772	-0.170978
8.70296	0.076752
9.94871	0.125338
10.7793	0.194846
11.8539	0.173837
12.8982	0.269401
13.8828	0.189795
14.8257	-0.060413
15.526	12.8758
1.33519	0.831402
2.47187	0.891878
3.65913	0.781959
4.44327	0.93014
5.54535	0.551805
6.33216	0.754144
7.26432	0.690823
8.33464	0.79545
9.2558	0.946898
10.2433	0.987845
11.367	0.856346
12.2542	0.943388
13.2891	0.878971
14.2392	1.03864
14.5447	12.8585
-0.0495771	1.65224
1.03692	1.72546
13.4117	12.8652
3.05882	1.80085
4.05189	1.74221
4.86904	1.67817
6.0099	1.79624
6.93621	1.54859
7.77238	1.7566
9.03051	1.84396
9.82573	1.76343
10.633	1.90067
12.0379	1.72366
12.9197	1.74145
12.6842	12.9172
14.8417	1.67532
0.362025	2.79439
1.35787	2.17368
2.38912	2.49748
3.58866	2.39861
4.4808	2.48793
5.43388	2.4833
6.4566	2.58288
7.38018	2.82134
8.41669	2.64202
9.22465	2.73067
10.5059	2.61487
11.3462	2.54795
12.3248	2.55053
13.3395	2.487
14.4667	2.67905
15.3334	2.47339
-0.032142	3.28139
0.840109	3.29499
2.00799	3.27501
2.93876	3.55132
3.84065	3.44394
5.10293	3.42396
6.12917	3.42106
7.0001	3.33949
7.84697	3.28802
11.589	12.8458
10.1314	3.47977
10.8973	3.60329
11.8693	3.53299
12.7954	3.48694
13.9639	3.17102
15.0445	3.34572
0.440482	4.35261
1.62908	4.2179
2.61155	4.26989
3.47452	4.16044
4.55906	4.25559
5.63986	4.26424
6.5082	4.27586
7.41583	4.19092
8.36789	4.19924
9.5309	4.3859
10.5951	12.9883
11.4505	4.3442
12.26	4.56281
13.6182	4.25877
14.3535	4.5054
15.3774	4.34839
0.210301	5.19273
1.04125	4.9938
1.95508	5.11162
2.89084	5.05008
4.15566	5.08392
4.91772	5.18849
6.11439	5.07588
7.16325	5.24406
8.12476	5.18249
9.11244	4.98055
10.0292	5.35232
11.0703	4.87516
11.934	5.13738
12.8912	5.27547
9.73181	12.7379
8.62374	13.0437
0.535477	5.98808
1.46386	5.89461
2.60016	5.96453
3.52754	6.1146
4.69574	12.8361
3.73932	12.8333
6.52002	5.92364
7.63461	5.96197
8.70097	5.8714
9.68638	5.97058
2.64566	12.8731
11.5941	5.80924
12.3874	6.27976
13.4926	6.01512
14.6071	6.00345
15.3444	5.99301
0.143852	7.01758
1.131	6.8136
1.87325	6.88504
3.10424	6.83301
4.02961	6.99516
5.13515	6.89636
6.26863	6.64261
7.21869	6.71951
8.03787	7.01344
9.23923	6.91335
9.87405	6.7871
11.0376	6.77339
11.9434	7.12018
12.9804	7.1309
14.0909	6.96671
14.9295	6.85472
0.618161	7.86237
1.60246	7.59351
2.47321	7.54916
3.66005	7.71642
4.66393	7.6758
5.68777	7.77041
6.66002	7.57862
1.64707	12.772
8.54982	7.86063
9.50702	7.6674
10.3956	7.50494
11.5803	7.69179
12.3523	7.60655
13.6401	7.74641
14.4666	7.61991
15.6707	7.70109
0.334632	8.31896
0.782618	12.8478
2.12354	8.71567
3.07476	8.56009
4.04259	8.57948
5.10248	8.57652
6.27226	8.51889
7.03844	8.66763
8.05867	8.48518
9.11732	8.5039
9.98125	8.57187
11.0108	8.6129
14.1261	11.9518
13.0433	8.63994
13.9951	8.49875
15.0526	8.48886
0.749086	9.57219
1.68252	9.31133
2.6397	9.3822
3.62926	9.31576
4.82722	9.35688
5.57658	9.41046
6.75758	9.47251
13.168	12.02
8.56496	9.53145
12.0948	12.043
10.4684	9.7284
11.4769	9.4173
12.4148	9.33292
11.2003	12.2021
14.5845	9.61774
15.6008	9.35135
0.316985	10.357
1.4067	10.2047
9.04253	12.1661
3.21536	10.1886
4.07955	10.4097
5.11503	10.2768
6.0463	10.1688
6.97723	10.2881
8.1247	10.2874
9.03844	10.4549
10.082	10.3559
11.1807	10.288
12.1506	10.002
13.0316	10.1078
14.1763	10.2481
14.9503	10.352
0.728305	11.125
1.42057	10.9735
2.60977	10.9814
3.56167	11.1176
4.65231	10.9616
5.59435	11.0186
6.6766	11.2612
7.55166	11.125
8.66334	11.2246
9.60145	11.229
10.7381	11.1872
11.7225	11.3086
12.6945	11.2891
8.07115	12.2175
14.6347	10.9407
15.5896	11.1592
0.213949	11.9488
1.24713	12.0615
2.2724	12.0557
3.02287	11.9122
4.0536	12.0408
7.16506	12.0694
