-5.42113	-0.477058
-2.35853	-0.235473
1.09236	-0.0403532
0.453402	-0.18455
-1.30739	-0.406433
1.81902	-0.176589
12.6783	0.683055
13.3325	1.25578
13.578	0.507412
9.16175	0.10947
6.16867	-0.18449
4.57837	-0.447057
6.47259	-0.348801
9.78336	-0.105112
12.8796	0.103975
12.4572	-0.311468
165.904	13.1344
5.04455	0.514614
4.17994	0.134227
5.23828	0.179638
11.0492	0.638459
8.15839	0.347671
17.3383	1.02854
19.5624	1.16602
18.0955	0.914737
14.3849	0.539091
18.8641	0.805702
13.5422	0.274236
16.4702	0.461472
19.1292	0.651437
18.3199	0.383387
168.202	13.4196
16.0751	1.53985
12.3579	1.18639
161.619	13.0498
10.7723	0.687314
11.3744	1.4792
18.6537	1.28107
22.4813	1.05862
20.6767	1.29847
22.4369	1.41901
25.0605	1.54027
23.9368	1.31221
27.916	1.62727
27.793	1.36273
25.3023	1.16196
160.245	13.0529
28.4448	1.27562
17.3588	1.63451
26.1924	2.04034
21.6055	1.63368
31.3414	2.41725
24.2186	1.7694
21.7108	1.51706
23.2553	1.52691
26.1669	1.72203
31.7748	2.14329
30.3554	1.90096
29.3304	1.7837
31.3463	1.86858
30.2769	1.56295
33.6045	1.83213
36.2394	1.99743
37.9358	2.05755
29.4125	2.66545
30.9329	2.46061
35.6066	2.87486
29.1499	2.28735
39.513	3.12878
42.1357	3.21068
44.5223	3.28521
44.6874	3.22285
42.9037	3.07021
157.182	12.8082
36.8113	2.49313
34.2152	2.29896
34.4989	1.86749
36.6229	2.07647
40.9136	2.45298
41.3663	2.39505
40.9272	3.56255
45.803	3.91723
45.7655	3.78992
48.0056	3.97624
46.3311	3.81268
45.6257	3.13404
46.6796	3.39333
49.9606	3.6612
53.2819	3.93222
45.0014	3.2087
159.966	13.1754
39.1307	2.47729
56.1508	3.87862
52.2868	3.48594
45.5073	2.84059
43.2625	2.527
48.4601	4.17093
47.1908	4.04974
50.016	4.21141
51.0297	4.24081
52.3243	4.34099
46.779	2.91931
104.703	8.21187
105.704	8.56723
105.225	7.73102
73.169	5.61288
78.6746	6.06078
82.6814	6.3584
47.7744	3.18897
67.2964	4.84858
157.545	13.0692
152.236	12.6503
56.3999	4.8191
57.3892	4.83312
60.2813	5.07539
58.6352	4.89685
152.852	13.0291
150.975	12.8753
105.637	8.10492
105.116	8.64549
81.7149	6.34733
81.0332	6.28151
149.972	12.9146
86.6142	6.65053
77.0555	5.7589
83.5677	6.26214
114.274	8.89337
73.5848	4.93013
59.2659	5.05458
62.356	5.30831
63.2079	5.32053
70.9441	5.96856
75.5436	6.35742
102.592	8.60266
105.375	8.81962
106.405	8.83388
103.568	8.42018
90.4515	7.09817
97.538	7.68661
95.7961	7.46358
91.3978	7.07411
100.112	7.69946
111.457	8.66066
116.91	9.11124
113.587	10.1399
70.2914	5.96004
78.1875	6.60853
80.0146	6.7354
99.0902	8.32396
104.591	8.76721
107.934	9.02678
148.613	12.907
102.154	8.21457
100.754	8.01082
103.185	8.1389
101.358	7.90493
105.993	8.23564
116.24	9.08246
122.453	9.58075
124.37	9.72767
118.379	10.5305
150.046	13.0642
97.2324	8.24858
92.048	7.79839
93.2807	7.84666
102.211	8.59018
109.799	9.21034
112.643	9.40867
114.554	9.4831
108.186	8.71755
106.597	8.48074
113.993	9.06948
153.237	12.2874
119.565	9.38542
122.278	9.59927
128.164	10.0419
122.703	10.8791
99.094	8.41019
101.173	8.59073
114.584	9.75514
118.77	10.0431
111.778	9.40512
116.178	9.74374
145.232	11.7458
116.59	9.56241
153.239	12.4424
123.634	9.87897
122.428	9.76955
120.993	9.57707
150.318	12.1619
130.501	10.2891
136.645	10.7332
127.493	11.2613
129.706	11.3644
147.104	12.2453
124.98	10.717
125.633	10.6263
123.387	10.4236
123.076	10.3307
127.232	10.6416
125.58	10.4064
136.66	11.4111
136.761	11.0466
133.096	10.6746
131.171	10.5224
134.129	10.7799
138.213	10.936
140.113	11.0479
138.7	12.1611
131.589	11.4521
133.891	11.5593
127.715	10.8615
131.768	11.1754
126.719	10.6855
128.854	10.8009
131.372	10.9785
134.261	11.193
139.16	11.6382
138.955	10.8688
141.155	11.2951
137.427	11.0667
139.28	11.6083
144.882	11.5275
142.523	11.2902
144.335	12.6437
145.441	12.6724
144.046	12.459
147.691	12.653
145.404	12.3907
135.377	11.2975
