-5.67471	-0.440877
-2.51096	-0.234719
1.0708	-0.0214341
0.374349	-0.162675
-1.54967	-0.398349
1.73155	-0.168253
13.0444	0.687815
13.6752	1.28628
13.8049	0.509469
9.16765	0.109211
5.97847	-0.190064
4.27583	-0.456058
6.22957	-0.360446
9.66478	-0.123985
12.838	0.067597
12.3259	-0.255578
173.506	13.1731
5.2535	0.483149
4.28932	0.170219
5.33806	0.191703
11.3782	0.643597
8.36077	0.355458
17.8683	1.02978
20.1206	1.1611
18.5435	0.918754
14.6169	0.537837
19.256	0.798414
13.6614	0.263699
16.6792	0.443631
19.396	0.610593
18.5145	0.394103
175.926	13.4423
16.8989	1.52592
12.9866	1.16648
169.044	13.0239
11.1533	0.703537
11.8555	1.4083
19.338	1.28214
23.2655	1.03991
21.3423	1.29913
23.1309	1.417
25.8379	1.54572
24.6013	1.30922
28.7554	1.62145
28.5474	1.34518
25.9286	1.14119
167.722	13.043
29.1493	1.27281
18.2125	1.61532
27.34	2.04137
22.5389	1.64043
32.6481	2.40726
25.1476	1.76425
22.5061	1.51659
24.0283	1.52615
27.0249	1.72302
32.8816	2.15115
31.3202	1.90109
30.2251	1.7788
32.3055	1.85551
31.1595	1.54869
34.6232	1.81651
37.335	1.98588
39.044	2.04176
30.856	2.64875
32.2948	2.45511
37.1828	2.86319
30.4219	2.28378
41.2319	3.11186
43.9137	3.22926
46.3594	3.33629
46.47	3.26016
44.5883	3.09072
164.543	12.8032
38.0764	2.49624
35.3309	2.3
35.5582	1.84329
37.7647	2.05751
42.2609	2.43824
42.6782	2.38112
42.9029	3.54575
47.9833	3.89977
47.8599	3.769
50.1667	3.94424
48.4029	3.76453
47.4879	3.31869
48.5601	3.44835
51.9829	3.69823
55.446	3.95095
46.7159	3.21977
167.479	13.1689
40.429	2.46408
58.2919	3.86803
54.2321	3.47565
47.0425	2.82447
44.6402	2.51184
50.7637	4.15193
49.4327	4.03122
52.3396	4.19045
53.347	4.21221
54.6755	4.30026
48.5264	2.77291
109.946	8.72186
109.68	7.69341
109.118	8.47571
76.403	5.63084
82.183	6.07678
86.3657	6.3712
49.4942	3.17657
70.0542	4.84501
164.979	13.0647
159.412	12.6442
59.0926	4.80147
60.0849	4.81335
63.1022	5.05438
61.2986	4.86437
160.35	13.0375
158.401	12.8848
110.643	8.09227
110.025	8.63747
85.3716	6.36208
84.6407	6.29517
157.401	12.9298
90.4742	6.66044
80.3644	5.76164
87.2037	6.2664
119.479	8.906
76.3259	4.91129
62.0553	5.03405
65.2903	5.28787
66.1539	5.29817
74.2654	5.94615
79.0811	6.33558
107.492	8.59084
110.378	8.80626
111.411	8.82154
108.379	8.41898
94.531	7.1089
101.974	7.69563
100.141	7.47539
95.5002	7.08417
104.627	7.71046
116.546	8.67446
122.229	9.12335
119.49	10.1527
73.6117	5.94088
81.8939	6.59082
83.7681	6.71459
103.83	8.31188
109.549	8.75284
113.038	9.01246
156.046	12.9191
106.869	8.2185
105.371	8.01967
107.888	8.14692
105.979	7.91847
110.811	8.24783
121.559	9.09544
128.059	9.59441
130.035	9.73985
124.519	10.5448
157.566	13.0766
101.927	8.24118
96.4782	7.78832
97.7292	7.83277
107.082	8.57665
115.019	9.19713
117.976	9.39693
119.934	9.47581
113.161	8.71924
111.479	8.4876
119.225	9.07472
160.255	12.2714
125.058	9.39858
127.866	9.60892
133.997	10.0532
128.991	10.8903
103.877	8.4032
106.045	8.58331
120.162	9.75636
124.508	10.0344
117.114	9.39245
121.692	9.7311
151.998	11.7434
122.017	9.55973
160.396	12.4376
129.324	9.88154
128.081	9.77354
126.566	9.58568
157.342	12.1602
136.453	10.2939
142.873	10.7452
133.989	11.2727
136.249	11.3771
154.021	12.237
131.102	10.7315
131.709	10.6114
129.352	10.4144
128.949	10.3211
133.259	10.6311
131.505	10.4048
143.081	11.4016
143.147	11.0503
139.283	10.6786
137.286	10.5272
140.374	10.7826
144.528	10.9381
146.497	11.055
145.738	12.1798
138.179	11.4662
140.528	11.5747
133.905	10.8578
138.141	11.1686
132.798	10.6759
134.958	10.7892
137.578	10.9687
140.582	11.1854
145.68	11.6263
145.409	10.884
147.711	11.2966
143.802	11.0659
145.816	11.5984
151.493	11.5213
149.02	11.2905
151.655	12.6725
152.739	12.6848
151.244	12.4772
154.978	12.6644
152.55	12.3982
141.748	11.2874
