-5.93616	-0.409738
-2.67636	-0.227654
1.04536	-0.00445417
0.289247	-0.144691
-1.80789	-0.392682
1.63603	-0.161841
13.4265	0.691328
14.0497	1.29775
14.0411	0.510226
9.17043	0.108391
5.7739	-0.195162
3.95056	-0.461911
5.96556	-0.367519
9.52901	-0.136539
12.7771	0.0411506
12.199	-0.209345
181.493	13.2063
5.45933	0.468066
4.40384	0.196973
5.4399	0.201181
11.7201	0.647758
8.57013	0.361737
18.4231	1.03009
20.7056	1.15596
19.0131	0.920742
14.8574	0.536457
19.6617	0.793964
13.7783	0.257615
16.8886	0.43215
19.6617	0.583462
18.7144	0.403223
184.037	13.4617
17.7533	1.51926
13.6349	1.1578
176.827	13.0063
11.5492	0.715947
12.3822	1.25966
20.052	1.28381
24.0856	1.02312
22.0401	1.29863
23.8593	1.4137
26.6564	1.54791
25.2956	1.3075
29.6327	1.61764
29.3296	1.33449
26.5755	1.12817
175.563	13.0377
29.8809	1.27313
19.0978	1.60537
28.5336	2.04388
23.5098	1.64708
34.0101	2.40195
26.1168	1.76141
23.3372	1.51685
24.8388	1.52422
27.927	1.72158
34.0489	2.1545
32.3325	1.90136
31.1613	1.77565
33.3072	1.84557
32.077	1.54032
35.6831	1.80676
38.476	1.97923
40.1964	2.03331
32.3595	2.63888
33.7111	2.45283
38.8217	2.85642
31.7458	2.28303
43.0247	3.10286
45.7929	3.24179
48.3251	3.3689
48.363	3.28285
46.3694	3.10364
172.263	12.8018
39.4067	2.49835
36.5025	2.30224
36.6596	1.82405
38.9537	2.04386
43.6664	2.42854
44.045	2.37323
44.9621	3.53607
50.2553	3.8897
50.036	3.75611
52.4066	3.92323
50.54	3.73568
49.4999	3.42916
50.565	3.48082
54.1268	3.72035
57.7291	3.96249
48.5226	3.22679
175.361	13.1641
41.7867	2.45404
60.5335	3.86082
56.2669	3.46942
48.6451	2.81349
46.0753	2.50307
53.1658	4.1402
51.7699	4.02005
54.7597	4.17734
55.7533	4.19347
57.1138	4.27495
50.4497	2.74049
115.077	8.5535
114.44	7.70355
114.251	8.64816
79.8028	5.64443
85.8688	6.08965
90.2338	6.3824
51.2938	3.16747
72.944	4.84419
172.78	13.0599
166.94	12.6374
61.9024	4.79109
62.8967	4.80144
66.0454	5.04133
64.0698	4.84295
168.219	13.0435
166.193	12.8919
115.89	8.08241
115.172	8.63038
89.213	6.37356
88.4303	6.30571
165.198	12.9448
94.5246	6.67019
83.8345	5.76568
91.0162	6.27282
124.938	8.92034
79.1865	4.89979
64.9668	5.02088
68.354	5.27475
69.2285	5.28385
77.7337	5.93186
82.7775	6.32119
112.627	8.5819
115.622	8.79549
116.658	8.81121
113.425	8.41774
98.8141	7.11748
106.63	7.70361
104.7	7.48688
99.8049	7.094
109.362	7.72307
121.884	8.68986
127.81	9.13725
125.682	10.1676
77.0812	5.929
85.769	6.58029
87.6927	6.70057
108.795	8.30322
114.746	8.74101
118.388	9.00011
163.848	12.935
111.814	8.22162
110.216	8.02712
112.824	8.15481
110.829	7.93212
115.866	8.26116
127.139	9.11005
133.94	9.60989
135.979	9.75398
130.96	10.5613
165.459	13.0929
106.845	8.24004
101.117	7.78461
102.387	7.8234
112.185	8.56593
120.491	9.18532
123.567	9.38598
125.575	9.46834
118.382	8.72008
116.602	8.49396
124.714	9.08073
167.613	12.2621
130.82	9.41327
133.728	9.62072
140.117	10.0667
135.589	10.9038
108.888	8.40244
111.149	8.58216
126.009	9.76356
130.524	10.0245
122.707	9.38058
127.473	9.71863
159.095	11.7445
127.709	9.55584
167.902	12.4367
135.294	9.88593
134.011	9.77935
132.412	9.59596
164.71	12.1625
142.696	10.3019
149.408	10.7595
140.806	11.2866
143.116	11.3939
161.277	12.2276
137.526	10.7576
138.079	10.5888
135.605	10.4017
135.108	10.3103
139.581	10.6196
137.72	10.401
149.817	11.39
149.845	11.0562
145.772	10.6851
143.7	10.5343
146.925	10.7879
151.153	10.9441
153.195	11.0652
153.127	12.1999
145.095	11.4857
147.493	11.5971
140.397	10.8542
144.824	11.1586
139.172	10.6639
141.36	10.776
144.088	10.9574
147.214	11.1759
152.521	11.6122
152.178	10.9061
154.587	11.3027
150.49	11.0681
152.674	11.587
158.426	11.5201
155.836	11.2948
159.342	12.6993
160.399	12.7006
158.8	12.4985
162.626	12.6743
160.048	12.4032
148.432	11.2759
