0.0134769	0.298103
0.850189	0.125315
2.01485	0.227347
2.79587	0.148914
4.04517	0.120409
4.92212	-0.206773
5.98957	-0.222521
6.85828	-0.187979
7.64591	-0.170396
8.70003	0.0820464
9.94625	0.128994
10.7767	0.197322
11.8513	0.175682
12.8957	0.269972
13.8804	0.190635
14.8231	-0.0602372
15.549	12.8757
1.3352	0.829917
2.47189	0.890311
3.65901	0.778922
4.44338	0.925868
5.54465	0.545189
6.33162	0.74665
7.26397	0.686221
8.33384	0.79531
9.25425	0.95132
10.2419	0.99187
11.3655	0.858919
12.2527	0.944919
13.2871	0.880229
14.2374	1.03923
14.5677	12.859
-0.0507003	1.65091
1.03583	1.7236
13.4353	12.8661
3.05996	1.79855
4.05294	1.73839
4.8724	1.67204
6.01616	1.78955
6.93666	1.54035
7.77189	1.75207
9.03157	1.84258
9.82456	1.76758
10.632	1.90418
12.0365	1.72611
12.9183	1.74294
12.7066	12.9183
14.8406	1.67519
0.361454	2.79286
1.36041	2.17647
2.39257	2.49739
3.59379	2.39532
4.48612	2.48273
5.43918	2.47581
6.46176	2.5768
7.38449	2.81856
8.42176	2.64372
9.22431	2.73533
10.5054	2.61848
11.3457	2.55088
12.3243	2.55267
13.3389	2.48803
14.4663	2.67917
15.3327	2.47228
-0.03174	3.27963
0.846574	3.29958
2.01438	3.27588
2.94602	3.54923
3.85033	3.43954
5.11261	3.41909
6.13885	3.41604
7.00746	3.33299
7.8549	3.29223
11.6112	12.8483
10.1316	3.48378
10.8976	3.60658
11.8696	3.5355
12.7956	3.48841
13.9639	3.17155
15.045	3.34501
0.441209	4.3507
1.63051	4.22237
2.62158	4.26854
3.48432	4.15742
4.56901	4.25096
5.64981	4.25938
6.51815	4.27072
7.42607	4.18893
8.37808	4.20216
9.53996	4.39572
10.6174	12.9913
11.4515	4.34704
12.2627	4.56924
13.6196	4.25975
14.3552	4.50541
15.3793	4.34722
0.225579	5.19467
1.06007	5.01115
1.96739	5.11205
2.90238	5.04819
4.16725	5.08008
4.92786	5.18378
6.13555	5.07231
7.18429	5.24124
8.14581	5.17981
9.12456	4.98162
10.0418	5.35219
11.0837	4.87675
11.9327	5.14157
12.8966	5.27936
9.75377	12.7423
8.6464	13.0506
0.550118	5.99028
1.47847	5.89648
2.61482	5.96549
3.54072	6.11173
4.71841	12.8316
3.76199	12.8312
6.5408	5.92025
7.65536	5.95909
8.71635	5.87398
9.69981	5.9709
2.66984	12.8716
11.6089	5.81003
12.3986	6.28653
13.5038	6.01433
14.6227	6.00587
15.3591	5.99599
0.159269	7.02007
1.14626	6.81535
1.88865	6.88658
3.1195	6.83136
4.04513	6.99208
5.15563	6.89307
6.28906	6.6391
7.23909	6.71645
8.05585	7.01163
9.25596	6.91523
9.8908	6.78905
11.0543	6.77529
11.9608	7.12027
12.9962	7.13221
14.1068	6.96932
14.9454	6.85703
0.635475	7.8623
1.61892	7.59454
2.48958	7.54848
3.67668	7.71391
4.684	7.67226
5.70782	7.76739
6.68002	7.57529
1.67119	12.771
8.56594	7.85993
9.52367	7.66931
10.4123	7.50687
11.5971	7.69367
12.3692	7.60932
13.6569	7.74953
14.4835	7.62328
15.6877	7.70244
0.352666	8.31933
0.806786	12.8474
2.14319	8.71333
3.09437	8.55748
4.06222	8.57564
5.12212	8.57319
6.29209	8.5155
7.05784	8.66451
8.07893	8.48689
9.134	8.50582
9.99793	8.57376
11.0275	8.61489
14.1505	11.9534
13.0606	8.64333
14.0122	8.50171
15.071	8.49125
0.769375	9.57181
1.70233	9.30911
2.65953	9.37972
3.64905	9.31257
4.84701	9.35366
5.59638	9.40705
6.77736	9.46952
13.1892	12.0194
8.58312	9.53417
12.116	12.0448
10.4855	9.73061
11.4938	9.41911
12.4319	9.33619
11.2218	12.205
14.6029	9.62008
15.6207	9.35275
0.338688	10.3574
1.4282	10.2037
9.06318	12.172
3.23465	10.1852
4.09886	10.4062
5.13441	10.2737
6.06638	10.1662
6.99685	10.2889
8.14432	10.2909
9.05721	10.4593
10.0994	10.3599
11.198	10.29
12.1677	10.0036
13.0489	10.1079
14.1977	10.2524
14.972	10.3546
0.751141	11.1248
1.4415	10.9725
2.63071	10.9792
3.58108	11.1141
4.6717	10.958
5.6137	11.0155
6.69515	11.2617
7.57036	11.1265
8.68178	11.2288
9.6199	11.2336
10.7565	11.1905
11.7411	11.3099
12.7138	11.2898
8.09178	12.223
14.6598	10.9427
15.6153	11.1586
0.236695	11.9485
1.2708	12.0608
2.29607	12.0544
3.04356	11.9093
4.07429	12.0379
7.1862	12.0718
