0.0106873	0.297498
0.848638	0.124753
2.01331	0.226706
2.79492	0.146817
4.04392	0.116597
4.91981	-0.212617
5.98765	-0.230324
6.85619	-0.19173
7.64371	-0.16978
8.69661	0.0877482
9.94342	0.133007
10.7737	0.20008
11.8483	0.177754
12.8928	0.270707
13.8775	0.191508
14.82	-0.0600702
15.5728	12.8755
1.33518	0.828304
2.47186	0.888619
3.65885	0.775744
4.44349	0.921232
5.5439	0.538058
6.33083	0.738449
7.26338	0.681223
8.33275	0.795141
9.2523	0.956075
10.2401	0.996096
11.3634	0.861695
12.2508	0.946586
13.2848	0.881546
14.2352	1.03984
14.5915	12.8596
-0.0521358	1.64939
1.03443	1.72153
13.4595	12.8672
3.06107	1.79612
4.05395	1.73418
4.87615	1.6653
6.02305	1.78214
6.93712	1.53119
7.77128	1.74708
9.03274	1.8409
9.82309	1.77201
10.6306	1.90791
12.0347	1.72874
12.9165	1.7445
12.7297	12.9196
14.8392	1.67501
0.360595	2.79113
1.36314	2.17951
2.39623	2.49739
3.59948	2.39182
4.49203	2.47701
5.44506	2.46756
6.4675	2.57005
7.38925	2.8155
8.4273	2.64534
9.2236	2.74022
10.5047	2.62232
11.3449	2.554
12.3235	2.55494
13.338	2.48909
14.4656	2.67924
15.3317	2.47099
-0.0315004	3.27759
0.853625	3.30459
2.02134	3.27691
2.95395	3.54697
3.86081	3.43485
5.12309	3.41406
6.14932	3.41063
7.01598	3.32621
7.8639	3.29687
11.6343	12.851
10.1316	3.48776
10.8977	3.61009
11.8696	3.53817
12.7956	3.48994
13.9636	3.17206
15.0453	3.34417
0.441622	4.34859
1.63169	4.22759
2.63252	4.26713
3.49501	4.15407
4.57984	4.24596
5.66064	4.25417
6.52899	4.26514
7.43721	4.18682
8.38913	4.20561
9.54985	4.40602
10.6406	12.9946
11.4522	4.35007
12.2653	4.5761
13.6209	4.26076
14.3569	4.50535
15.3812	4.34585
0.242037	5.19649
1.08001	5.02959
1.98079	5.11254
2.91508	5.04615
4.18	5.07601
4.93888	5.17871
6.15756	5.06867
7.20625	5.23787
8.1678	5.17692
9.13778	4.98299
10.0555	5.35239
11.0981	4.87861
11.9312	5.14598
12.9023	5.28348
9.77654	12.7471
8.66982	13.0578
0.565944	5.99236
1.49428	5.89848
2.63069	5.96662
3.55512	6.10867
4.74207	12.8268
3.78566	12.8288
6.5626	5.91671
7.67699	5.95598
8.73272	5.87678
9.71428	5.97154
2.69507	12.87
11.6248	5.8111
12.4107	6.29377
13.5155	6.01347
14.6394	6.00851
15.3749	5.99886
0.175886	7.02245
1.16272	6.81697
1.90522	6.88826
3.13591	6.82946
4.06179	6.98866
5.17714	6.88955
6.31053	6.63544
7.26052	6.71323
8.07514	7.0094
9.27362	6.91736
9.90847	6.79121
11.072	6.77741
11.9791	7.12067
13.0128	7.13358
14.1237	6.97205
14.9622	6.85961
0.65369	7.86233
1.6366	7.59542
2.50717	7.54762
3.69454	7.7111
4.70508	7.66849
5.72891	7.76414
6.70106	7.57181
1.69636	12.7701
8.58298	7.85905
9.5413	7.67146
10.43	7.50901
11.6148	7.69577
12.387	7.61221
13.6747	7.75279
14.5013	7.62674
15.7056	7.70405
0.371609	8.31981
0.832002	12.8471
2.16386	8.71089
3.115	8.55479
4.08287	8.57157
5.14277	8.56962
6.31321	8.51205
7.07827	8.66124
8.10024	8.48876
9.15166	8.50798
10.0156	8.57589
11.0451	8.61706
14.1754	11.9551
13.0789	8.64698
14.0305	8.50474
15.0901	8.49381
0.790539	9.57155
1.72316	9.30679
2.68039	9.37714
3.66986	9.30933
4.86782	9.35031
5.61722	9.40337
6.79816	9.46638
13.2112	12.0193
8.60223	9.5371
12.1381	12.0469
10.5037	9.73302
11.5119	9.42106
12.4501	9.3397
11.244	12.2082
14.6223	9.6225
15.6415	9.35424
0.361247	10.3579
1.4505	10.2024
9.08474	12.1783
3.25485	10.1817
4.11912	10.4024
5.15474	10.2705
6.08752	10.1634
7.01749	10.2898
8.16496	10.2948
9.07694	10.464
10.1178	10.3643
11.2162	10.2924
12.1858	10.0055
13.0672	10.1084
14.2201	10.2567
14.9945	10.3572
0.774933	11.1246
1.46345	10.9712
2.65266	10.977
3.60152	11.1105
4.6921	10.9541
5.63406	11.0123
6.71464	11.2623
7.59001	11.1281
8.70116	11.2333
9.63927	11.2385
10.7758	11.1941
11.7607	11.3116
12.734	11.2908
8.11332	12.2288
14.6855	10.9447
15.6414	11.1583
0.260317	11.9483
1.29549	12.0602
2.32075	12.053
3.0652	11.9063
4.09596	12.0347
7.20828	12.0744
