0.00730874	0.296554
0.846422	0.123933
2.01106	0.22622
2.79308	0.144839
4.04168	0.112611
4.91636	-0.218861
5.98511	-0.238553
6.85343	-0.195233
7.64083	-0.169329
8.69235	0.0937401
9.94001	0.137251
10.7701	0.202932
11.8447	0.179709
12.8893	0.271157
13.8741	0.192134
14.8164	-0.060194
15.5973	12.875
1.33443	0.826468
2.4711	0.887107
3.65791	0.772521
4.44284	0.916442
5.54223	0.53033
6.32955	0.729774
7.26229	0.675735
8.33111	0.794704
9.24971	0.961006
10.2377	1.00051
11.3609	0.864399
12.2484	0.948028
13.2819	0.882645
14.2324	1.04018
14.616	12.8599
-0.054029	1.64737
1.03256	1.71931
13.4829	12.8691
3.06162	1.79376
4.05437	1.7299
4.88025	1.65773
6.03124	1.7735
6.93817	1.52073
7.77115	1.74113
9.03424	1.83836
9.82102	1.77657
10.6287	1.91167
12.0324	1.7312
12.9142	1.74585
12.7535	12.9208
14.8374	1.67446
0.358916	2.78903
1.3662	2.1827
2.40005	2.49812
3.60629	2.38822
4.49907	2.47083
5.45207	2.45792
6.47433	2.56218
7.395	2.81164
8.43388	2.6466
9.22227	2.74524
10.5034	2.62621
11.3436	2.55706
12.3222	2.55704
13.3366	2.48991
14.4644	2.67894
15.3299	2.46905
-0.0316236	3.2747
0.862073	3.3102
2.02968	3.27809
2.96325	3.54477
3.873	3.42989
5.13526	3.4088
6.1615	3.40474
7.02639	3.31893
7.87465	3.3017
11.658	12.8537
10.1313	3.49154
10.8975	3.61359
11.8693	3.54071
12.7952	3.4913
13.9629	3.17226
15.0453	3.34281
0.441087	4.34588
1.63205	4.23399
2.64532	4.26554
3.50754	4.15044
4.59252	4.24056
5.67332	4.24858
6.54167	4.25903
7.4502	4.18435
8.40198	4.20923
9.56137	4.41718
10.6644	12.9982
11.4527	4.35303
12.2679	4.58298
13.622	4.26153
14.3584	4.50489
15.3832	4.34382
0.259596	5.19784
1.10112	5.04989
1.99611	5.1129
2.92972	5.04389
4.19468	5.07158
4.95172	5.17325
6.18265	5.06531
7.23121	5.23527
8.19284	5.1754
9.15228	4.98501
10.0705	5.35329
11.1136	4.88061
11.9294	5.15029
12.9081	5.28748
9.79989	12.7522
8.69382	13.0652
0.583664	5.99365
1.51206	5.90034
2.64852	5.96769
3.57159	6.1053
4.76581	12.8216
3.8094	12.8264
6.58681	5.91377
7.70133	5.95402
8.74977	5.87995
9.72999	5.97285
2.72115	12.8683
11.6414	5.81245
12.4235	6.30119
13.5271	6.01253
14.6568	6.01114
15.3926	6.0007
0.194161	7.02395
1.18089	6.81794
1.92369	6.88984
3.15419	6.82715
4.08033	6.98488
5.20072	6.88617
6.33417	6.6323
7.28409	6.71085
8.09602	7.00875
9.29192	6.91987
9.92676	6.7937
11.0903	6.77972
11.998	7.1214
13.0302	7.13522
14.1412	6.97476
14.9797	6.86218
0.672607	7.86249
1.6561	7.59556
2.52659	7.54631
3.71422	7.7079
4.72796	7.66468
5.75177	7.76121
6.72394	7.56898
1.72239	12.769
8.60102	7.8601
9.55963	7.67396
10.4484	7.51142
11.6332	7.698
12.4055	7.61533
13.6932	7.75605
14.5198	7.63008
15.7242	7.70565
0.391043	8.32029
0.858074	12.8464
2.18595	8.70773
3.13712	8.55185
4.10502	8.56725
5.16492	8.56618
6.33548	8.50897
7.09998	8.65882
8.12271	8.49095
9.1701	8.51053
10.034	8.57832
11.0636	8.61944
14.1994	11.9574
13.098	8.65066
14.0495	8.50776
15.1099	8.4963
0.812234	9.57127
1.74511	9.30353
2.70232	9.3741
3.69178	9.3062
4.88974	9.34735
5.63916	9.40004
6.82006	9.46402
13.2337	12.0194
8.62221	9.54048
12.1606	12.0489
10.5228	9.73571
11.5308	9.42317
12.4692	9.3433
11.2668	12.2115
14.6425	9.6249
15.6628	9.35575
0.384363	10.3584
1.47324	10.2003
9.10692	12.1848
3.27611	10.1782
4.14038	10.399
5.17608	10.2678
6.10947	10.1611
7.03894	10.2912
8.18638	10.299
9.09755	10.4691
10.1371	10.3692
11.2354	10.295
12.2048	10.0075
13.0863	10.1092
14.243	10.2609
15.0176	10.3599
0.799642	11.1243
1.48621	10.9691
2.67542	10.9747
3.62277	11.107
4.71335	10.9506
5.65526	11.0096
6.73496	11.2633
7.61049	11.1302
8.72137	11.2382
9.65948	11.2439
10.796	11.1983
11.7811	11.3135
12.7548	11.2921
8.13546	12.2348
14.7104	10.9475
15.6667	11.1592
0.28483	11.9478
1.32115	12.0593
2.34641	12.0516
3.08672	11.903
4.11747	12.0314
7.23095	12.0774
