0.00422333	0.295874
0.844632	0.123321
2.00927	0.225679
2.79177	0.142736
4.04007	0.108545
4.91357	-0.225287
5.98304	-0.246914
6.85111	-0.198963
7.63836	-0.168742
8.68849	0.0998277
9.93686	0.141498
10.7668	0.205777
11.8414	0.181821
12.8861	0.271767
13.8709	0.193048
14.813	-0.0600412
15.6236	12.8748
1.3342	0.824766
2.47087	0.885473
3.65752	0.769155
4.44273	0.911516
5.54109	0.522511
6.32872	0.720968
7.26165	0.670243
8.32987	0.794402
9.24749	0.966032
10.2358	1.00504
11.3587	0.867329
12.2463	0.94972
13.2793	0.884035
14.2299	1.0408
14.6422	12.8605
-0.0556985	1.64573
1.03092	1.71713
13.5092	12.8706
3.06271	1.79126
4.05534	1.72549
4.88447	1.65023
6.03914	1.76514
6.93907	1.51059
7.77086	1.73547
9.03562	1.83629
9.81932	1.78124
10.6271	1.91561
12.0303	1.73394
12.9122	1.7475
12.779	12.922
14.8358	1.67427
0.357813	2.78719
1.3696	2.18565
2.40423	2.4985
3.61286	2.38456
4.50589	2.46454
5.45884	2.4486
6.48092	2.55455
7.40051	2.808
8.4402	2.64817
9.22136	2.7504
10.5025	2.63026
11.3426	2.56034
12.3212	2.55942
13.3355	2.49103
14.4634	2.67901
15.3287	2.46764
-0.0315022	3.27246
0.870349	3.31532
2.03784	3.2791
2.97234	3.54249
3.88493	3.42484
5.1472	3.40334
6.17343	3.39889
7.0364	3.31167
7.88481	3.30654
11.6834	12.8566
10.1312	3.49572
10.8975	3.61727
11.8692	3.54351
12.795	3.49292
13.9624	3.1728
15.0456	3.34188
0.441122	4.34368
1.63286	4.24041
2.65779	4.26385
3.51975	4.14678
4.60487	4.23514
5.68568	4.24296
6.55403	4.25298
7.46286	4.18203
8.41447	4.21272
9.57249	4.42818
10.6899	13.0017
11.4533	4.3562
12.2707	4.59047
13.6233	4.26262
14.3601	4.5048
15.3852	4.34231
0.277904	5.19933
1.12237	5.06925
2.01126	5.11324
2.94396	5.04154
4.20897	5.06708
4.96425	5.16776
6.20794	5.06141
7.25638	5.23215
8.21804	5.17298
9.16681	4.98652
10.0855	5.35354
11.1294	4.88259
11.9275	5.15496
12.9142	5.29193
9.82495	12.7573
8.71964	13.073
0.601433	5.99536
1.52986	5.90231
2.66636	5.96892
3.58764	6.10187
4.79154	12.8164
3.83515	12.8239
6.61145	5.91018
7.72596	5.95124
8.76767	5.88297
9.74587	5.97357
2.74896	12.8667
11.6587	5.81359
12.4367	6.30895
13.5395	6.01156
14.675	6.01412
15.4104	6.00304
0.212562	7.0259
1.19916	6.81928
1.94213	6.89154
3.17242	6.82497
4.09883	6.98109
5.22486	6.88246
6.35829	6.62853
7.30816	6.70775
8.1174	7.00717
9.31122	6.92217
9.94607	6.79605
11.1096	6.782
12.018	7.1218
13.0484	7.13678
14.1596	6.97787
14.9981	6.86508
0.692544	7.86263
1.67568	7.59611
2.54607	7.54522
3.73398	7.70475
4.75146	7.66058
5.77526	7.75791
6.7474	7.56549
1.75013	12.768
8.6198	7.86005
9.57886	7.67627
10.4678	7.51374
11.6526	7.70025
12.425	7.61854
13.7126	7.75973
14.5393	7.63405
15.7438	7.7075
0.411729	8.32089
0.885861	12.846
2.20877	8.70472
3.15993	8.54873
4.12785	8.5627
5.18775	8.56239
6.35864	8.50535
7.12254	8.65563
8.14611	8.49299
9.18938	8.51287
10.0533	8.58061
11.0829	8.6218
14.2265	11.9595
13.118	8.65471
14.0694	8.51121
15.1309	8.49923
0.835484	9.571
1.76801	9.30057
2.72522	9.37103
3.71466	9.30273
4.91262	9.3439
5.66207	9.39622
6.84292	9.46094
13.2579	12.019
8.64314	9.54369
12.1849	12.051
10.5426	9.73833
11.5505	9.42531
12.489	9.34719
11.2913	12.2149
14.6636	9.6277
15.6856	9.35751
0.409228	10.359
1.49778	10.1987
9.1306	12.1916
3.29836	10.1745
4.16266	10.3951
5.19843	10.2645
6.13261	10.1583
7.06152	10.2923
8.20894	10.3031
9.11915	10.4742
10.1572	10.374
11.2553	10.2974
12.2246	10.0095
13.1063	10.1095
14.2676	10.2658
15.0425	10.363
0.825937	11.1241
1.51035	10.9675
2.69956	10.9724
3.64514	11.1032
4.7357	10.9467
5.67756	11.0063
6.75632	11.2641
7.63201	11.132
8.7426	11.2431
9.6807	11.2493
10.8172	11.2022
11.8025	11.3152
12.777	11.293
8.15913	12.2412
14.7385	10.9501
15.6954	11.1592
0.310955	11.9475
1.34841	12.0585
2.37366	12.0502
3.11017	11.8997
4.14092	12.0281
7.25521	12.0803
