0.00146299	0.295627
0.84353	0.123074
2.0082	0.225018
2.79121	0.140384
4.03961	0.104304
4.91177	-0.231929
5.98173	-0.255508
6.84953	-0.202828
7.63659	-0.168165
8.68526	0.106059
9.93389	0.145819
10.7638	0.208795
11.8384	0.18424
12.8833	0.272732
13.868	0.194444
14.81	-0.0594281
15.6516	12.875
1.3348	0.82333
2.47149	0.88363
3.65795	0.765431
4.44345	0.906191
5.54088	0.514544
6.32841	0.712016
7.26152	0.664771
8.32911	0.794255
9.2457	0.971337
10.2342	1.00978
11.357	0.870655
12.2447	0.951885
13.277	0.885925
14.2277	1.0419
14.6702	12.8615
-0.0571589	1.64459
1.02953	1.71502
13.5388	12.8715
3.06476	1.78848
4.05726	1.72073
4.88864	1.64284
6.04678	1.75714
6.93969	1.50092
7.77027	1.73022
9.03676	1.83486
9.81809	1.78615
10.626	1.91987
12.0287	1.7372
12.9106	1.74967
12.8064	12.9237
14.8344	1.67467
0.357379	2.78568
1.37331	2.18864
2.40893	2.49818
3.61912	2.38081
4.51237	2.45822
5.46527	2.43957
6.48716	2.54733
7.40566	2.80472
8.44616	2.65025
9.22087	2.75577
10.5019	2.63462
11.342	2.56403
12.3205	2.56232
13.3348	2.49268
14.4629	2.67974
15.328	2.46691
-0.0309898	3.271
0.87809	3.32009
2.04545	3.28014
2.98094	3.54004
3.89632	3.41974
5.15857	3.39787
6.18481	3.39319
7.04591	3.30463
7.89431	3.31159
11.7107	12.8597
10.1314	3.50028
10.8977	3.62132
11.8694	3.54677
12.7952	3.49501
13.9623	3.17394
15.0462	3.34158
0.44194	4.34208
1.63434	4.24675
2.66966	4.2622
3.53137	4.14328
4.61665	4.22969
5.69745	4.2375
6.56582	4.24711
7.47492	4.17981
8.42632	4.21638
9.58301	4.43887
10.7173	13.0053
11.4542	4.3598
12.2739	4.59885
13.6249	4.26429
14.362	4.5053
15.3873	4.34149
0.297096	5.20103
1.14397	5.08764
2.02594	5.11373
2.95751	5.03928
4.22257	5.0625
4.97604	5.16231
6.23189	5.05671
7.28031	5.22763
8.24197	5.16837
9.18138	4.98754
10.1007	5.35295
11.1458	4.88475
11.9256	5.16018
12.9209	5.29711
9.85193	12.7624
8.74747	13.081
0.619156	5.99765
1.54758	5.90464
2.68412	5.9706
3.60313	6.09842
4.81979	12.811
3.86343	12.8214
6.63556	5.90541
7.75009	5.94675
8.78648	5.88586
9.76217	5.97357
2.77866	12.8649
11.6772	5.81459
12.4504	6.31738
13.553	6.01074
14.6944	6.01761
15.4281	6.00598
0.230931	7.02844
1.2174	6.8212
1.96042	6.89363
3.19048	6.82299
4.11721	6.97726
5.24892	6.8782
6.38223	6.6237
7.33208	6.70316
8.13898	7.00362
9.33181	6.92413
9.9667	6.79816
11.1302	6.78422
12.0394	7.122
13.0677	7.13844
14.1792	6.98144
15.0177	6.86852
0.713715	7.86301
1.69529	7.59719
2.56558	7.54449
3.7538	7.70164
4.77501	7.656
5.7991	7.75379
6.77111	7.56075
1.77974	12.7673
8.63938	7.85768
9.59927	7.6783
10.4883	7.5159
11.6731	7.70251
12.4456	7.62199
13.7332	7.76389
14.5599	7.63867
15.7646	7.70982
0.433725	8.32178
0.915549	12.8461
2.23219	8.70221
3.18325	8.54565
4.15119	8.55797
5.21109	8.55791
6.38252	8.50069
7.14582	8.65105
8.17038	8.49474
9.20971	8.51486
10.0737	8.58268
11.1032	8.62409
14.257	11.9612
13.1391	8.6592
14.0904	8.51517
15.1532	8.50272
0.860303	9.57093
1.79178	9.29832
2.74903	9.36821
3.73839	9.29889
4.93637	9.33972
5.68585	9.39149
6.86669	9.45653
13.2839	12.0181
8.6651	9.54653
12.2111	12.0535
10.5634	9.74086
11.5711	9.4274
12.5098	9.35146
11.3177	12.2186
14.686	9.63091
15.71	9.35968
0.43583	10.3599
1.52411	10.1977
9.15607	12.1986
3.32167	10.1704
4.18606	10.3907
5.22188	10.2604
6.15701	10.1545
7.08528	10.2929
8.23266	10.307
9.14198	10.479
10.1783	10.3784
11.2763	10.2998
12.2454	10.0114
13.1273	10.1096
14.294	10.2715
15.0691	10.3666
0.853864	11.1243
1.53582	10.9666
2.72504	10.97
3.66885	11.099
4.75935	10.942
5.70118	11.0021
6.77888	11.2643
7.65473	11.1333
8.76498	11.2477
9.70308	11.2544
10.8395	11.2057
11.8251	11.3167
12.8005	11.2938
8.18456	12.2476
14.7699	10.9523
15.7275	11.1583
0.338834	11.9476
1.37733	12.0582
2.40258	12.0488
3.13601	11.8965
4.1668	12.0246
7.28133	12.0829
