-0.00300878	0.294447
0.840564	0.122181
2.00517	0.224873
2.7888	0.138283
4.0367	0.099711
4.90736	-0.239144
5.97855	-0.265098
6.846	-0.207025
7.63285	-0.167653
8.67986	0.112834
9.9297	0.150436
10.7591	0.21175
11.8337	0.186447
12.8787	0.273321
13.8635	0.195181
14.8051	-0.059607
15.6794	12.8744
1.33376	0.821077
2.47041	0.882103
3.65666	0.761771
4.44249	0.900701
5.53864	0.505493
6.3269	0.701825
7.26019	0.658173
8.32705	0.793556
9.24244	0.976724
10.2309	1.01472
11.3535	0.87371
12.2413	0.953598
13.2731	0.887235
14.224	1.04229
14.698	12.8619
-0.0599808	1.64223
1.02674	1.71216
13.5647	12.8743
3.06532	1.78589
4.05766	1.71589
4.89399	1.63349
6.05727	1.74629
6.94167	1.48802
7.77072	1.72277
9.03871	1.83142
9.81518	1.79128
10.6232	1.92413
12.0255	1.74005
12.9073	1.75126
12.8335	12.925
14.8316	1.67412
0.35508	2.78313
1.37771	2.19167
2.41383	2.49957
3.62799	2.37688
4.52155	2.45063
5.47435	2.42752
6.49602	2.53738
7.41314	2.79962
8.45455	2.65144
9.21882	2.76143
10.5	2.63902
11.3399	2.56752
12.3185	2.56475
13.3327	2.49366
14.4609	2.67948
15.3255	2.46476
-0.031672	3.26779
0.889023	3.32595
2.05621	3.28123
2.99265	3.53767
3.91191	3.41398
5.17416	3.39165
6.20039	3.38667
7.05968	3.29687
7.90786	3.31705
11.7378	12.8627
10.1304	3.50466
10.8968	3.62529
11.8684	3.54969
12.7941	3.49658
13.9608	3.17423
15.0457	3.34004
0.440974	4.339
1.63426	4.25551
2.68576	4.25987
3.54717	4.13882
4.63257	4.22365
5.71338	4.23117
6.58174	4.24044
7.49113	4.17707
8.44224	4.22044
9.59717	4.45194
10.7444	13.009
11.454	4.36317
12.2766	4.60748
13.6257	4.26526
14.3633	4.5048
15.389	4.3392
0.319049	5.2015
1.1686	5.11033
2.04497	5.11361
2.97553	5.03623
4.24062	5.05746
4.9922	5.15617
6.26147	5.05332
7.30967	5.22555
8.27139	5.16744
9.19906	4.98988
10.1188	5.35433
11.1644	4.8872
11.9226	5.16524
12.9276	5.30206
9.87846	12.7681
8.77475	13.0893
0.640677	5.9983
1.56918	5.90607
2.70575	5.97154
3.62282	6.09436
4.84687	12.8051
3.89054	12.8187
6.66407	5.90252
7.77839	5.94511
8.80665	5.88929
9.78088	5.97531
2.80855	12.8633
11.6967	5.81648
12.4654	6.32615
13.5664	6.0097
14.7141	6.02067
15.4496	6.00699
0.252818	7.02922
1.23921	6.82163
1.98245	6.89488
3.21227	6.82012
4.13921	6.97304
5.27649	6.87463
6.40988	6.62051
7.35964	6.70111
8.16312	7.00351
9.35304	6.92699
9.98793	6.80105
11.1515	6.78706
12.0612	7.12325
13.0876	7.14022
14.1993	6.98471
15.0377	6.87145
0.735446	7.86325
1.71824	7.59692
2.58842	7.54253
3.77687	7.69795
4.80171	7.6519
5.82559	7.75089
6.79764	7.55803
1.80957	12.7661
8.66036	7.85941
9.62047	7.68117
10.5096	7.51877
11.6944	7.70533
12.467	7.6256
13.7545	7.76783
14.5812	7.64261
15.7861	7.71154
0.456196	8.32247
0.945423	12.8454
2.2577	8.6982
3.20882	8.542
4.17678	8.5531
5.23668	8.55435
6.40823	8.49762
7.17116	8.64873
8.19642	8.49707
9.23094	8.51775
10.0949	8.58554
11.1244	8.62699
14.2837	11.9646
13.1612	8.66363
14.1123	8.51882
15.1761	8.50556
0.885241	9.57077
1.81707	9.29415
2.77429	9.3644
3.76368	9.29544
4.96165	9.33654
5.71115	9.3881
6.89192	9.45417
13.3096	12.0185
8.68803	9.55032
12.2368	12.0557
10.5852	9.74402
11.5928	9.43006
12.5316	9.35562
11.3437	12.2222
14.7095	9.63373
15.7345	9.36148
0.462327	10.3606
1.55006	10.1947
9.1813	12.2059
3.34612	10.1666
4.2105	10.3869
5.24642	10.2574
6.18228	10.1522
7.10996	10.2945
8.2573	10.3117
9.16569	10.4848
10.2004	10.384
11.2982	10.3028
12.2672	10.0139
13.1493	10.1106
14.3203	10.2761
15.0956	10.3696
0.882143	11.124
1.56223	10.9636
2.75145	10.9676
3.69324	11.0952
4.78375	10.9383
5.72552	10.9993
6.80224	11.2654
7.67827	11.1357
8.78818	11.2533
9.72628	11.2606
10.8626	11.2105
11.8485	11.3188
12.8245	11.2953
8.20976	12.2543
14.7973	10.956
15.7553	11.1603
0.366594	11.947
1.40681	12.0572
2.43205	12.0473
3.16048	11.8928
4.19127	12.0209
7.30716	12.0862
