0.0385457	0.306786
0.867209	0.133897
2.03202	0.234194
2.80814	0.168222
4.05929	0.154493
4.94586	-0.154086
6.00955	-0.153164
6.87892	-0.158674
7.66655	-0.176444
8.73076	0.0293866
9.97178	0.0922348
10.8037	0.172162
11.8784	0.158219
12.9216	0.264961
13.9063	0.18529
14.8507	-0.058873
15.339	12.8803
1.3392	0.84729
2.47597	0.905988
3.66426	0.807724
4.44617	0.967178
5.55491	0.608831
6.34079	0.819756
7.27086	0.730897
8.34428	0.796453
9.27122	0.907277
10.2582	0.952716
11.3834	0.834869
12.2696	0.931224
13.3081	0.870644
14.2572	1.0364
14.3579	12.8567
-0.0392463	1.6678
1.04709	1.74338
13.2259	12.8553
3.05397	1.82067
4.04776	1.77581
4.8402	1.73241
5.95546	1.85572
6.93282	1.6232
7.7766	1.79778
9.01959	1.85832
9.83729	1.72649
10.6435	1.87019
12.0518	1.70376
12.9334	1.7308
12.5021	12.9079
14.8519	1.6804
0.369863	2.81084
1.34102	2.1494
2.36432	2.49755
3.54414	2.42887
4.4346	2.53361
5.38756	2.54951
6.41138	2.63704
7.3421	2.84597
8.37131	2.62865
9.22921	2.68934
10.5106	2.58334
11.3515	2.52316
12.33	2.53359
13.3453	2.48071
14.4709	2.6819
15.342	2.48795
-0.0356308	3.3029
0.785066	3.25227
1.95302	3.26712
2.87527	3.57067
3.7574	3.48278
5.01973	3.46658
6.04596	3.46721
6.93982	3.40131
7.77462	3.24983
11.4077	12.8248
10.1289	3.4469
10.8941	3.57487
11.8666	3.51236
12.7931	3.47621
13.9641	3.16977
15.0401	3.35591
0.433881	4.37548
1.61483	4.18507
2.52468	4.28067
3.38952	4.18723
4.47266	4.29721
5.55344	4.30853
6.42173	4.32344
7.32629	4.21047
8.27757	4.1711
9.44893	4.29501
10.4129	12.9608
11.4414	4.32018
12.2379	4.51226
13.6054	4.25329
14.3377	4.50872
15.3581	4.3634
0.0853335	5.17379
0.842019	4.77696
1.84905	5.10711
2.78946	5.0659
4.05367	5.11776
4.82902	5.23099
5.93192	5.10258
6.98155	5.26591
7.94275	5.19964
9.00643	4.96705
9.91942	5.34807
10.9558	4.86087
11.9418	5.10278
12.8451	5.2454
9.5532	12.6985
8.44007	12.9854
0.410712	5.96906
1.33935	5.87821
2.47502	5.95776
3.41092	6.13939
4.51233	12.8751
3.55618	12.8529
6.34152	5.94843
7.45646	5.98153
8.57362	5.84773
9.57033	5.96284
2.44816	12.8872
11.4704	5.8001
12.2903	6.2224
13.399	6.02135
14.4781	5.9861
15.2196	5.96612
0.0112385	6.99554
0.999913	6.7991
1.74033	6.87207
2.9722	6.84847
3.89539	7.02266
4.96026	6.92311
6.09356	6.66859
7.04398	6.74096
7.88389	7.02342
9.10147	6.895
9.73632	6.76888
10.8999	6.75605
11.8005	7.11598
12.8496	7.11931
13.959	6.9478
14.7979	6.83833
0.475552	7.86487
1.46052	7.58547
2.33191	7.55636
3.51647	7.73904
4.49327	7.7051
5.51715	7.79444
6.48942	7.60272
1.44998	12.7822
8.4153	7.85853
9.36909	7.64911
10.2573	7.48711
11.4419	7.67486
12.2132	7.58383
13.501	7.72333
14.3275	7.59639
15.5305	7.69215
0.186949	8.31827
0.585232	12.8546
1.95753	8.73697
2.90879	8.58158
3.87634	8.61179
4.9362	8.60367
6.10407	8.54398
6.87478	8.68929
7.88767	8.4697
8.97878	8.48533
9.84266	8.55392
10.8722	8.59524
13.9354	11.9382
12.8996	8.61372
13.8521	8.47753
14.903	8.47238
0.583915	9.57714
1.51639	9.33254
2.47356	9.4036
3.46346	9.34235
4.66146	9.38252
5.41073	9.43737
6.59202	9.4935
12.9955	12.0205
8.41392	9.50607
11.9221	12.0274
10.3247	9.70825
11.3346	9.40174
12.2716	9.30717
11.026	12.1769
14.4318	9.60162
15.4388	9.34257
0.140924	10.3559
1.23271	10.2193
8.87378	12.115
3.05521	10.2179
3.91932	10.4393
4.95409	10.3009
5.88003	10.1891
6.81431	10.2783
7.96156	10.2548
8.88257	10.4153
9.9368	10.3187
11.0365	10.2686
12.0077	9.9872
12.8873	10.1039
14.0022	10.2177
14.7744	10.334
0.541491	11.1295
1.24829	10.988
2.43744	11.0012
3.40119	11.1469
4.49189	10.9914
5.43428	11.0421
6.52292	11.2542
7.39665	11.1098
8.51014	11.1862
9.44827	11.1873
10.5853	11.156
11.5673	11.295
12.5357	11.281
7.90259	12.1698
14.4386	10.9244
15.3894	11.1599
0.028202	11.954
1.05285	12.0701
2.07813	12.0684
2.85576	11.9388
3.88656	12.0669
6.99275	12.0468
