-0.0053889	0.294676
0.839924	0.122265
2.00461	0.224086
2.78855	0.13586
4.03633	0.0951733
4.90565	-0.246306
5.97774	-0.274163
6.84481	-0.210677
7.63144	-0.167101
8.67679	0.11949
9.92681	0.155112
10.7565	0.214992
11.831	0.189047
12.8761	0.274194
13.861	0.196927
14.8025	-0.0585833
15.7111	12.8751
1.33471	0.820039
2.47141	0.880211
3.65745	0.757899
4.44358	0.895133
5.53863	0.496883
6.32701	0.692428
7.26046	0.652523
8.32661	0.793402
9.2408	0.982444
10.23	1.01994
11.3524	0.877391
12.2404	0.955904
13.2712	0.889436
14.2222	1.04376
14.7297	12.8633
-0.0611014	1.64142
1.02568	1.71043
13.5985	12.8752
3.06782	1.783
4.06001	1.71091
4.89844	1.62585
6.0651	1.73811
6.94231	1.4782
7.77004	1.71757
9.03974	1.83025
9.81426	1.79651
10.6224	1.92869
12.0242	1.74355
12.9061	1.75376
12.8643	12.9266
14.8305	1.67488
0.354928	2.78196
1.38217	2.19459
2.41922	2.49931
3.63444	2.37306
4.52822	2.444
5.48096	2.41829
6.50243	2.52999
7.41835	2.79637
8.46055	2.6538
9.21861	2.7671
10.4997	2.64368
11.3396	2.57149
12.3182	2.56792
13.3323	2.49567
14.4607	2.68055
15.3251	2.46433
-0.0308198	3.2666
0.897394	3.33056
2.06444	3.2822
3.00178	3.53532
3.92372	3.40869
5.18596	3.38609
6.21219	3.38064
7.06965	3.28942
7.91744	3.32233
11.7684	12.8662
10.1309	3.50944
10.8974	3.62962
11.8689	3.55323
12.7945	3.49904
13.961	3.17572
15.0466	3.34006
0.441553	4.33793
1.63542	4.26315
2.6982	4.25812
3.55933	4.13506
4.64488	4.21789
5.72569	4.22543
6.59406	4.23417
7.50373	4.17492
8.45456	4.22409
9.60808	4.4625
10.7751	13.0131
11.4552	4.36705
12.2804	4.61649
13.6276	4.26729
14.3656	4.50563
15.3915	4.33867
0.339251	5.20298
1.19047	5.12894
2.06055	5.1142
2.98979	5.03381
4.25491	5.05263
5.0045	5.15042
6.28713	5.04735
7.33532	5.21961
8.29706	5.16157
9.21425	4.99069
10.1347	5.35319
11.1818	4.88938
11.9209	5.17077
12.9349	5.30769
9.90877	12.7736
8.80606	13.0982
0.659659	6.00027
1.58823	5.90873
2.72482	5.9739
3.63908	6.0907
4.87824	12.7994
3.92197	12.816
6.68978	5.89653
7.80421	5.93933
8.8272	5.89242
9.79817	5.97488
2.84174	12.8615
11.7167	5.81717
12.4799	6.33501
13.5809	6.00878
14.7359	6.02487
15.4686	6.00937
0.272211	7.03134
1.25852	6.82336
2.00176	6.89744
3.23129	6.81802
4.15861	6.96868
5.30231	6.86952
6.4355	6.61449
7.38524	6.69521
8.18658	6.99858
9.37574	6.92899
10.0107	6.80323
11.1742	6.78927
12.0849	7.12292
13.109	7.14222
14.2211	6.98891
15.0595	6.87565
0.75893	7.86401
1.7391	7.59769
2.6092	7.54194
3.79803	7.69447
4.82713	7.64656
5.85127	7.74588
6.82313	7.55206
1.84265	12.7655
8.68179	7.85566
9.64296	7.68324
10.5323	7.52097
11.7171	7.70756
12.4899	7.62942
13.7773	7.77261
14.6041	7.64822
15.8091	7.7146
0.480574	8.32377
0.978593	12.8458
2.28312	8.69563
3.2341	8.5386
4.20208	8.54768
5.26199	8.54907
6.43399	8.49177
7.19602	8.64297
8.22242	8.49921
9.2534	8.5198
10.1173	8.58763
11.1468	8.62934
14.3185	11.9663
13.1844	8.6687
14.1355	8.52342
15.2008	8.50991
0.912912	9.57094
1.843	9.29195
2.80029	9.36138
3.78959	9.29124
4.98758	9.33181
5.73714	9.38242
6.9179	9.4488
13.3388	12.017
8.71224	9.55329
12.2661	12.0583
10.6081	9.74662
11.6156	9.4322
12.5546	9.36051
11.3733	12.2263
14.7338	9.63773
15.7616	9.36426
0.492085	10.3619
1.57956	10.1944
9.20986	12.2135
3.37179	10.1622
4.23629	10.3821
5.27223	10.2527
6.20918	10.1477
7.13611	10.2949
8.28339	10.3157
9.1908	10.4899
10.2237	10.3887
11.3213	10.3051
12.2902	10.0158
13.1725	10.1102
14.3498	10.2832
15.1254	10.3741
0.913458	11.1244
1.5903	10.9632
2.77953	10.965
3.71945	11.0907
4.80986	10.9331
5.75161	10.9945
6.82713	11.2654
7.70333	11.1368
8.81284	11.2581
9.75094	11.266
10.8872	11.2141
11.8733	11.3203
12.8507	11.2958
8.2383	12.2613
14.8335	10.9584
15.7923	11.1587
0.398004	11.9475
1.43902	12.0571
2.46425	12.046
3.18929	11.8895
4.22013	12.0172
7.33651	12.089
