-0.0105174	0.293583
0.836866	0.121547
2.0015	0.223906
2.7861	0.133482
4.03321	0.0899218
4.90097	-0.254647
5.97413	-0.285274
6.84076	-0.216029
7.62705	-0.166653
8.67048	0.126869
9.92202	0.160241
10.7511	0.218296
11.8256	0.191692
12.8709	0.275084
13.8558	0.197983
14.797	-0.058552
15.7415	12.8746
1.33381	0.817787
2.47047	0.878479
3.65627	0.75375
4.44277	0.888845
5.53632	0.486513
6.32524	0.680651
7.25886	0.644816
8.32409	0.792499
9.23686	0.988272
10.2261	1.02534
11.3482	0.880854
12.2363	0.95788
13.2667	0.891132
14.2179	1.04442
14.7601	12.8639
-0.0645182	1.63896
1.0223	1.70731
13.6268	12.8784
3.06873	1.78005
4.06072	1.70534
4.90452	1.61523
6.0771	1.72568
6.94432	1.46345
7.77024	1.709
9.04172	1.82623
9.81065	1.80209
10.6189	1.93338
12.0202	1.7468
12.9021	1.75566
12.894	12.9283
14.8272	1.6746
0.352202	2.77926
1.38774	2.1975
2.42518	2.50091
3.64465	2.36876
4.53877	2.43538
5.49135	2.40448
6.51255	2.5186
7.42686	2.79047
8.47	2.65498
9.21599	2.77329
10.4971	2.6485
11.3369	2.57538
12.3154	2.57072
13.3294	2.49692
14.4581	2.68053
15.3222	2.46215
-0.0319263	3.26332
0.910026	3.33645
2.07685	3.28311
3.01514	3.53272
3.94144	3.40227
5.20368	3.37931
6.22991	3.37356
7.08576	3.28118
7.93288	3.32833
11.798	12.8697
10.1293	3.51444
10.8958	3.63401
11.8672	3.55653
12.7928	3.50089
13.9589	3.17626
15.0457	3.3385
0.440112	4.3348
1.63477	4.27406
2.71649	4.25519
3.5773	4.12988
4.66297	4.21115
5.74378	4.21857
6.61215	4.22693
7.52209	4.17193
8.4725	4.2286
9.62393	4.4769
10.8048	13.0172
11.4545	4.37081
12.2832	4.62664
13.6281	4.26861
14.3667	4.50522
15.3928	4.33633
0.364527	5.20259
1.21755	5.15354
2.08207	5.11367
3.0101	5.03011
4.27526	5.04694
5.02269	5.14364
6.31922	5.04336
7.36717	5.21706
8.32898	5.16024
9.2341	4.9933
10.1549	5.3549
11.2025	4.89226
11.9169	5.17643
12.9422	5.31353
9.93786	12.78
8.83598	13.1074
0.684032	6.00024
1.61273	5.90996
2.74932	5.97497
3.66106	6.08598
4.90806	12.7927
3.95185	12.8129
6.72066	5.89311
7.83496	5.93727
8.8498	5.89621
9.81899	5.97692
2.87473	12.8596
11.7385	5.81943
12.4965	6.34489
13.5955	6.0078
14.7579	6.02846
15.493	6.00943
0.29667	7.03135
1.28296	6.82329
2.02639	6.89861
3.25561	6.81461
4.18315	6.96392
5.33221	6.86542
6.46548	6.61075
7.41512	6.69265
8.21305	6.99805
9.39934	6.93225
10.0343	6.80656
11.1978	6.79255
12.1092	7.12449
13.1311	7.14429
14.2434	6.99265
15.0817	6.87915
0.783068	7.86445
1.76459	7.59696
2.63457	7.53943
3.82362	7.69024
4.85629	7.642
5.88005	7.74247
6.85194	7.5488
1.87557	12.7644
8.70497	7.85702
9.66648	7.68653
10.556	7.52427
11.7408	7.71081
12.5136	7.63366
13.801	7.77716
14.6278	7.6527
15.833	7.71666
0.505577	8.32473
1.01157	12.8453
2.31105	8.69117
3.26208	8.53445
4.23007	8.5423
5.28997	8.54508
6.46222	8.48827
7.22365	8.64012
8.25082	8.50204
9.27695	8.5231
10.1409	8.5909
11.1704	8.63269
14.3478	11.9702
13.2088	8.67373
14.1598	8.52769
15.2262	8.51319
0.940518	9.571
1.87073	9.28735
2.828	9.35709
3.81735	9.2875
5.01532	9.32826
5.76491	9.37855
6.94561	9.44598
13.367	12.0178
8.73759	9.55753
12.2944	12.061
10.6322	9.75024
11.6395	9.43533
12.5786	9.36519
11.4019	12.2305
14.7598	9.64105
15.7888	9.36639
0.521344	10.3628
1.60827	10.1918
9.23752	12.2217
3.39867	10.1581
4.26318	10.3779
5.29923	10.2494
6.23707	10.1451
7.1633	10.2965
8.31051	10.321
9.21697	10.4964
10.2481	10.395
11.3455	10.3086
12.3142	10.0188
13.1967	10.1117
14.3789	10.2883
15.1547	10.3776
0.944507	11.1243
1.6194	10.9606
2.80862	10.9625
3.74635	11.0865
4.83676	10.9289
5.77844	10.9912
6.85285	11.2666
7.72924	11.1393
8.83836	11.2643
9.77644	11.273
10.9126	11.2196
11.8991	11.3229
12.877	11.2978
8.26592	12.2687
14.8636	10.9628
15.8228	11.1611
0.428474	11.9471
1.47143	12.0563
2.49665	12.0445
3.21613	11.8855
4.24699	12.013
7.36488	12.0924
