-0.0139297	0.293676
0.83544	0.121581
2.00013	0.223288
2.78502	0.130968
4.03151	0.0846293
4.8976	-0.26292
5.97211	-0.296125
6.83824	-0.220796
7.62419	-0.166323
8.66559	0.13433
9.91822	0.165721
10.7474	0.221987
11.8219	0.194542
12.8673	0.275864
13.8523	0.199649
14.7933	-0.0576356
15.7758	12.8752
1.33417	0.816541
2.47087	0.876593
3.65642	0.749504
4.44325	0.882632
5.5353	0.476224
6.32455	0.669316
7.25832	0.637675
8.32264	0.791801
9.23391	0.994455
10.224	1.03098
11.3459	0.884715
12.2342	0.960003
13.2638	0.893268
14.2151	1.0458
14.7944	12.8653
-0.0664528	1.63757
1.02041	1.70527
13.6615	12.8804
3.07092	1.77697
4.06273	1.69984
4.9099	1.60587
6.08713	1.71521
6.94519	1.45088
7.76944	1.70199
9.04294	1.82368
9.80853	1.80769
10.617	1.93818
12.0178	1.75028
12.8997	1.75802
12.9269	12.93
14.8253	1.67506
0.350944	2.77761
1.39347	2.20036
2.43156	2.50154
3.6531	2.3645
4.54748	2.4275
5.49993	2.39274
6.52088	2.50905
7.43371	2.78586
8.47767	2.65683
9.21473	2.77941
10.4958	2.65342
11.3355	2.57946
12.3141	2.57383
13.328	2.49874
14.4568	2.6812
15.3207	2.46102
-0.0318915	3.26129
0.921135	3.34155
2.08776	3.28394
3.02691	3.53025
3.95661	3.39604
5.21885	3.3728
6.24508	3.3666
7.09936	3.27289
7.94557	3.33416
11.8308	12.8736
10.1289	3.51948
10.8955	3.63852
11.8669	3.56009
12.7924	3.50325
13.9582	3.17744
15.0459	3.33788
0.439333	4.33313
1.63456	4.28488
2.73242	4.25269
3.59289	4.12509
4.6787	4.20443
5.75951	4.21192
6.62789	4.21971
7.53809	4.16927
8.48808	4.2327
9.6377	4.48924
10.8377	13.0218
11.4549	4.37477
12.2867	4.63647
13.6295	4.27046
14.3685	4.50558
15.3949	4.33507
0.388143	5.2027
1.24214	5.17571
2.10149	5.11373
3.0281	5.02683
4.29328	5.04127
5.03836	5.13694
6.34981	5.03708
7.39764	5.21154
8.3595	5.15574
9.25201	4.99507
10.1735	5.35495
11.2222	4.8948
11.9143	5.18212
12.9499	5.31944
9.97028	12.7865
8.86946	13.1175
0.706796	6.00069
1.63565	5.91208
2.77225	5.97699
3.68105	6.08147
4.94115	12.786
3.98502	12.8098
6.7503	5.88727
7.8647	5.93227
8.87288	5.90016
9.83872	5.9776
2.91069	12.8578
11.7605	5.82064
12.5126	6.35443
13.6107	6.00652
14.7818	6.03297
15.5158	6.01002
0.319571	7.03185
1.30584	6.82366
2.0494	6.9007
3.27826	6.81158
4.20613	6.95884
5.36149	6.85999
6.49463	6.60473
7.44421	6.68729
8.23976	6.99413
9.42429	6.9352
10.0593	6.8096
11.2228	6.79541
12.1351	7.12455
13.1547	7.14641
14.2673	6.99717
15.1057	6.88365
0.808853	7.86541
1.78893	7.59642
2.65883	7.53778
3.84821	7.68595
4.8853	7.6364
5.9087	7.73744
6.88044	7.54305
1.91141	12.7638
8.72889	7.85469
9.69134	7.68952
10.5811	7.52723
11.7659	7.71359
12.5389	7.63785
13.8261	7.78237
14.6531	7.65855
15.8583	7.71987
0.532296	8.32626
1.04752	12.8458
2.33944	8.68745
3.29039	8.53023
4.25839	8.53623
5.31829	8.5398
6.49081	8.48256
7.25109	8.63473
8.2794	8.50532
9.30192	8.52615
10.1659	8.59382
11.1954	8.63571
14.3835	11.9731
13.2346	8.67935
14.1855	8.53264
15.2534	8.51773
0.970519	9.57137
1.89944	9.28387
2.85674	9.3531
3.84607	9.28327
5.04406	9.32369
5.7937	9.37301
6.97437	9.44104
13.3981	12.0174
8.76449	9.56158
12.3256	12.0639
10.6577	9.75352
11.6649	9.43813
12.6042	9.37062
11.4334	12.2352
14.7866	9.64543
15.8182	9.36937
0.553435	10.3643
1.64005	10.1913
9.26814	12.2305
3.42699	10.1537
4.29159	10.3731
5.32768	10.2449
6.26674	10.1411
7.19214	10.2975
8.33926	10.326
9.2446	10.5027
10.2739	10.4011
11.3711	10.3119
12.3396	10.0216
13.2223	10.1124
14.4107	10.2956
15.1868	10.3822
0.978519	11.1247
1.65023	10.9601
2.83945	10.9599
3.77506	11.0819
4.86541	10.9239
5.80706	10.9867
6.88015	11.2671
7.75675	11.1412
8.86539	11.2703
9.80346	11.2797
10.9396	11.2247
11.9263	11.3253
12.9054	11.2993
8.2965	12.2767
14.9007	10.9664
15.8607	11.1608
0.462516	11.9475
1.5064	12.0561
2.5316	12.043
3.24627	11.8816
4.27716	12.0088
7.39638	12.0958
