-0.0184112	0.293474
0.833363	0.121567
1.99807	0.22316
2.78345	0.128474
4.02962	0.0790857
4.89398	-0.271731
5.96983	-0.30757
6.83541	-0.226182
7.62093	-0.16588
8.66017	0.14214
9.91374	0.171131
10.7426	0.225597
11.8171	0.197646
12.8627	0.277105
13.8477	0.20149
14.7884	-0.0567672
15.8107	12.8756
1.33435	0.814902
2.47106	0.874836
3.6563	0.744957
4.44352	0.875826
5.53404	0.465362
6.3238	0.657308
7.2577	0.629878
8.32097	0.79108
9.23063	1.00085
10.2211	1.03685
11.3427	0.888907
12.2311	0.962689
13.2599	0.895718
14.2114	1.04726
14.8293	12.8667
-0.0694259	1.63604
1.01751	1.70254
13.6962	12.8831
3.07323	1.7738
4.06481	1.69388
4.91624	1.59511
6.09911	1.70302
6.94721	1.43666
7.76959	1.69382
9.04465	1.82059
9.80581	1.81369
10.6144	1.9434
12.0147	1.75428
12.8966	1.76077
12.9609	12.9321
14.8224	1.67574
0.349234	2.77562
1.40003	2.2027
2.43853	2.50246
3.66321	2.36012
4.5579	2.41853
5.51017	2.37904
6.53082	2.49798
7.44199	2.78017
8.48687	2.65878
9.21277	2.78587
10.4939	2.65876
11.3336	2.58399
12.3121	2.57741
13.3259	2.50089
14.4549	2.68224
15.3187	2.45999
-0.0323046	3.25926
0.933645	3.34634
2.10007	3.28471
3.04012	3.52753
3.9741	3.38947
5.23633	3.36569
6.26256	3.35945
7.11531	3.26461
7.96034	3.34045
11.8647	12.8776
10.1279	3.52475
10.8945	3.64348
11.8658	3.5641
12.7913	3.50592
13.9567	3.17897
15.0456	3.33742
0.438567	4.33125
1.63429	4.2972
2.75048	4.24961
3.61064	4.11993
4.69658	4.1975
5.77739	4.205
6.64577	4.21238
7.55622	4.1665
8.50569	4.23727
9.65328	4.50273
10.8717	13.0263
11.4547	4.37919
12.2903	4.64806
13.6306	4.27272
14.3701	4.50618
15.3966	4.33389
0.414662	5.202
1.26909	5.19953
2.12318	5.11329
3.04802	5.02303
4.31322	5.0353
5.05624	5.13002
6.38204	5.03135
7.4297	5.20678
8.3916	5.15147
9.27228	4.99696
10.1944	5.3553
11.2443	4.89793
11.9105	5.18856
12.9582	5.3264
10.0037	12.7931
8.90389	13.1274
0.731736	6.00063
1.66074	5.91362
2.79733	5.97878
3.70278	6.07654
4.97568	12.7789
4.01965	12.8066
6.78201	5.88179
7.89626	5.92765
8.89755	5.90388
9.86064	5.9785
2.948	12.856
11.7846	5.8226
12.5303	6.36529
13.6272	6.00556
14.8064	6.03773
15.5407	6.00997
0.344525	7.03179
1.33079	6.82358
2.07427	6.90232
3.30276	6.80817
4.23091	6.95357
5.3927	6.85475
6.52574	6.59904
7.47525	6.68239
8.2678	6.99075
9.45066	6.93802
10.0857	6.81263
11.2492	6.79864
12.1623	7.12562
13.1792	7.14863
14.2922	7.00207
15.1305	6.88832
0.83568	7.86651
1.81497	7.59567
2.68477	7.5356
3.87445	7.6814
4.91578	7.63072
5.93914	7.73267
6.91076	7.53768
1.94861	12.7631
8.75421	7.85285
9.71746	7.69243
10.6073	7.53036
11.7921	7.71692
12.5652	7.64236
13.8524	7.78802
14.6794	7.6646
15.8848	7.72312
0.560065	8.32792
1.08481	12.8461
2.36919	8.6832
3.32009	8.52566
4.2881	8.53
5.348	8.53449
6.5209	8.47709
7.28054	8.62966
8.30978	8.50793
9.32789	8.52898
10.1918	8.59682
11.2213	8.63902
14.4194	11.9767
13.2615	8.68543
14.2123	8.53803
15.2816	8.52238
1.00162	9.57185
1.92939	9.27976
2.88672	9.34867
3.87605	9.27892
5.07405	9.31903
5.82375	9.3675
7.00438	9.43616
13.4304	12.017
8.79231	9.56537
12.3581	12.0671
10.6841	9.75705
11.6911	9.44125
12.6306	9.3763
11.4662	12.2399
14.8151	9.6499
15.8488	9.37252
0.58666	10.3659
1.67271	10.1894
9.29984	12.2392
3.45646	10.1491
4.32116	10.3681
5.3573	10.2404
6.29756	10.137
7.22212	10.2984
8.36913	10.331
9.27346	10.5089
10.3007	10.4071
11.3976	10.3152
12.3661	10.0245
13.249	10.1132
14.4437	10.3027
15.2201	10.387
1.01361	11.1253
1.68259	10.9582
2.87182	10.9574
3.80493	11.0772
4.89521	10.9186
5.83683	10.982
6.90859	11.2674
7.78539	11.1429
8.89354	11.2762
9.83161	11.2864
10.9676	11.2297
11.9546	11.3276
12.935	11.3008
8.32815	12.2846
14.9376	10.9705
15.8983	11.1619
0.49725	11.9478
1.54277	12.056
2.56796	12.0417
3.27759	11.8777
4.30855	12.0044
7.42897	12.0991
