-0.0229772	0.293316
0.831584	0.121644
1.99633	0.222713
2.78214	0.125768
4.02783	0.0733453
4.89023	-0.280943
5.96765	-0.319561
6.83259	-0.231547
7.61764	-0.165445
8.65463	0.150094
9.90906	0.176514
10.7377	0.229073
11.8122	0.200852
12.858	0.278322
13.843	0.203648
14.7835	-0.0557119
15.8474	12.8761
1.33471	0.813426
2.47145	0.872841
3.65639	0.740264
4.444	0.868794
5.53285	0.453925
6.32318	0.644748
7.2572	0.621854
8.31934	0.7903
9.22729	1.00734
10.2182	1.04307
11.3396	0.893308
12.2281	0.965495
13.256	0.898565
14.2077	1.04899
14.8659	12.8684
-0.0725566	1.63467
1.01446	1.69984
13.733	12.8861
3.07566	1.77043
4.06702	1.68764
4.92301	1.5839
6.11185	1.69021
6.94949	1.42177
7.7698	1.68545
9.04653	1.81734
9.80287	1.8199
10.6115	1.94885
12.0113	1.75854
12.8933	1.76384
12.9967	12.9342
14.8194	1.67683
0.347503	2.77374
1.40771	2.20422
2.44629	2.50369
3.67408	2.35568
4.56907	2.40922
5.52111	2.36466
6.54144	2.48632
7.45078	2.77435
8.49652	2.66064
9.21071	2.79261
10.4917	2.66432
11.3313	2.58877
12.3099	2.58126
13.3235	2.50337
14.4527	2.68365
15.3166	2.45918
-0.0327876	3.25744
0.947383	3.35031
2.1136	3.28498
3.0544	3.52491
3.99256	3.38271
5.25479	3.35887
6.28101	3.35223
7.13238	3.25623
7.97595	3.34687
11.9004	12.8818
10.1266	3.53059
10.8933	3.64866
11.8645	3.56837
12.7899	3.50891
13.955	3.18086
15.0453	3.33716
0.437713	4.3296
1.63376	4.31045
2.76965	4.24606
3.62948	4.11429
4.71554	4.19029
5.79634	4.19807
6.66473	4.20494
7.57539	4.16368
8.52428	4.24186
9.66961	4.51694
10.9074	13.0307
11.4541	4.38385
12.2942	4.66058
13.6316	4.27542
14.3717	4.50703
15.3984	4.33291
0.442468	5.20067
1.29659	5.22362
2.14578	5.11223
3.06907	5.01876
4.3343	5.02905
5.07495	5.1229
6.41591	5.02542
7.46343	5.20171
8.42537	5.14725
9.29365	4.99874
10.2164	5.35558
11.2676	4.90122
11.9062	5.1953
12.967	5.334
10.0388	12.7997
8.94017	13.1378
0.757995	5.9999
1.68717	5.91476
2.82374	5.98028
3.72548	6.07125
5.01199	12.7715
4.0561	12.8034
6.81522	5.87618
7.92942	5.92305
8.92349	5.90753
9.88361	5.97933
2.98747	12.854
11.8099	5.82468
12.5487	6.37679
13.6441	6.00508
14.8323	6.04291
15.567	6.00897
0.370507	7.03096
1.35683	6.82302
2.10039	6.90359
3.32849	6.80453
4.25694	6.94804
5.42535	6.84928
6.55829	6.59319
7.50773	6.6774
8.29729	6.98742
9.47822	6.9408
10.1133	6.81571
11.2768	6.80198
12.1907	7.12681
13.2049	7.15157
14.3182	7.00729
15.1565	6.89348
0.86384	7.86772
1.84226	7.59431
2.712	7.53322
3.90197	7.67659
4.94768	7.62478
5.97096	7.72772
6.94247	7.53218
1.98796	12.7625
8.78067	7.85122
9.74466	7.69533
10.6348	7.53355
11.8196	7.72038
12.5928	7.64762
13.8799	7.79408
14.707	7.67122
15.9125	7.72671
0.589335	8.32979
1.12427	12.8466
2.40027	8.67868
3.35112	8.52082
4.31914	8.52347
5.37903	8.52897
6.55248	8.47153
7.31132	8.62447
8.34145	8.51047
9.3549	8.53179
10.2188	8.59983
11.2483	8.6425
14.4573	11.9806
13.2895	8.69182
14.2402	8.54388
15.3114	8.52749
1.03443	9.57246
1.96067	9.27538
2.91802	9.34397
3.90736	9.2743
5.10537	9.31415
5.85512	9.36179
7.03571	9.43116
13.4643	12.0164
8.82123	9.56916
12.3922	12.0703
10.7115	9.76073
11.7184	9.44453
12.6581	9.38218
11.5007	12.2449
14.8448	9.65479
15.881	9.37595
0.621731	10.3677
1.70724	10.1878
9.3331	12.2482
3.48725	10.1442
4.35203	10.3629
5.38822	10.2356
6.3296	10.1327
7.25327	10.2991
8.40014	10.3359
9.30357	10.5152
10.3286	10.4132
11.4253	10.3185
12.3937	10.0274
13.2768	10.1137
14.4786	10.3105
15.2552	10.3923
1.05057	11.126
1.71631	10.9567
2.90553	10.9547
3.83608	11.0722
4.92629	10.9132
5.86787	10.9772
6.93827	11.2677
7.81525	11.1445
8.92289	11.282
9.86094	11.2933
10.9969	11.2347
11.9841	11.3299
12.966	11.3022
8.36137	12.2926
14.9769	10.9751
15.9382	11.1629
0.533801	11.9483
1.58118	12.0559
2.60634	12.0402
3.31049	11.8736
4.34148	12
7.46319	12.1023
