-0.026832	0.294009
0.830208	0.122212
1.99504	0.22236
2.78105	0.123074
4.02601	0.0671436
4.88649	-0.290679
5.9659	-0.332117
6.83012	-0.237379
7.61462	-0.164964
8.64912	0.158637
9.9047	0.182773
10.7336	0.233287
11.808	0.20436
12.8539	0.279458
13.8391	0.206064
14.7793	-0.0541155
15.8872	12.8773
1.33548	0.812428
2.47227	0.870938
3.65687	0.735338
4.44485	0.861522
5.53184	0.441787
6.32284	0.631669
7.25697	0.613683
8.31789	0.789624
9.22395	1.01443
10.216	1.04962
11.3372	0.89805
12.2258	0.968274
13.2527	0.901492
14.2045	1.05109
14.9058	12.8704
-0.0749491	1.6337
1.01214	1.69772
13.773	12.889
3.07877	1.76699
4.06988	1.68129
4.92955	1.5728
6.12402	1.67758
6.9512	1.40703
7.76934	1.67739
9.04812	1.8145
9.80048	1.82631
10.6093	1.95447
12.0086	1.76288
12.8905	1.76702
13.035	12.9364
14.8171	1.67805
0.346319	2.77232
1.41553	2.20665
2.45454	2.50463
3.6845	2.35107
4.57977	2.39988
5.53157	2.35053
6.55159	2.47477
7.45901	2.7688
8.50554	2.6626
9.20914	2.79953
10.4902	2.67006
11.3297	2.59368
12.3082	2.58521
13.3218	2.50599
14.4511	2.68513
15.315	2.45869
-0.0328637	3.25607
0.961045	3.35507
2.12702	3.28544
3.0686	3.52228
4.01085	3.37562
5.27308	3.35169
6.29931	3.34465
7.14935	3.24752
7.99114	3.35347
11.9385	12.8865
10.1259	3.53636
10.8927	3.654
11.8639	3.57276
12.7891	3.51206
13.954	3.18284
15.0454	3.33716
0.436842	4.32857
1.63304	4.32525
2.78868	4.24266
3.64816	4.10858
4.73434	4.18276
5.81514	4.19077
6.68353	4.19713
7.59441	4.16077
8.54265	4.24651
9.68583	4.53036
10.9457	13.036
11.4542	4.38864
12.2983	4.67277
13.633	4.27813
14.3736	4.50808
15.4002	4.33227
0.47018	5.19901
1.3232	5.24805
2.16857	5.11152
3.09018	5.01455
4.35542	5.02256
5.09355	5.11545
6.44964	5.0174
7.49707	5.19426
8.45907	5.14087
9.31471	5.00064
10.2381	5.35563
11.2907	4.90438
11.9029	5.202
12.9759	5.3414
10.0765	12.8071
8.97911	13.1494
0.784366	5.99878
1.71378	5.91622
2.85033	5.98202
3.74848	6.06586
5.05036	12.7637
4.09462	12.7998
6.84807	5.86857
7.96234	5.91617
8.9507	5.91191
9.90663	5.98004
3.02918	12.8521
11.8358	5.8262
12.5673	6.388
13.6615	6.00387
14.8603	6.04858
15.5933	6.00755
0.396589	7.02973
1.38297	6.82206
2.12675	6.90515
3.35441	6.80071
4.28319	6.94206
5.45801	6.8426
6.59071	6.58542
7.5401	6.67022
8.32744	6.9815
9.50744	6.9441
10.1425	6.81918
11.3061	6.80532
12.2211	7.12701
13.2324	7.1542
14.3461	7.0129
15.1844	6.89919
0.893898	7.86942
1.86991	7.59241
2.73961	7.53083
3.92991	7.67144
4.98029	7.61808
6.00304	7.7214
6.97431	7.52465
2.02953	12.7622
8.80842	7.84664
9.77366	7.69871
10.6641	7.53697
11.8489	7.72365
12.6224	7.65272
13.9092	7.80051
14.7364	7.67842
15.9421	7.73087
0.620448	8.33211
1.16598	12.8477
2.43238	8.67428
3.38309	8.5156
4.35112	8.51631
5.411	8.52257
6.58462	8.46412
7.3422	8.61726
8.37351	8.51452
9.38399	8.5352
10.2479	8.60316
11.2774	8.64605
14.4984	11.9844
13.3195	8.69869
14.2701	8.55004
15.343	8.53316
1.06922	9.57346
1.9933	9.27137
2.95071	9.33913
3.94006	9.26957
5.13809	9.30872
5.88794	9.3549
7.06851	9.4246
13.5004	12.016
8.85236	9.57362
12.4285	12.0739
10.741	9.7645
11.7478	9.4479
12.6877	9.38865
11.5373	12.2505
14.8758	9.66036
15.9153	9.37989
0.658886	10.3699
1.744	10.1877
9.36868	12.2584
3.51985	10.1394
4.38478	10.3575
5.42097	10.2302
6.36388	10.1277
7.28649	10.2998
8.4332	10.3414
9.3356	10.5222
10.3584	10.4201
11.4548	10.3223
12.423	10.0308
13.3064	10.1147
14.5155	10.3193
15.2925	10.3981
1.08997	11.127
1.75197	10.9566
2.94118	10.9521
3.86935	11.0672
4.95944	10.9074
5.90101	10.9715
6.9698	11.2678
7.84701	11.1462
8.95402	11.2886
9.89207	11.3009
11.0279	11.2406
12.0154	11.3328
12.9989	11.304
8.3969	12.3016
15.0194	10.9797
15.9816	11.1632
0.573339	11.9493
1.62161	12.0562
2.64675	12.0389
3.34537	11.8694
4.37645	11.9952
7.49991	12.1058
