-0.0320687	0.294257
0.82824	0.122755
1.99311	0.222451
2.77959	0.120408
4.02406	0.0608153
4.88238	-0.300952
5.96391	-0.345398
6.8273	-0.24341
7.61118	-0.164552
8.64302	0.167439
9.89944	0.188656
10.728	0.237102
11.8024	0.208189
12.8485	0.281199
13.8337	0.20884
14.7736	-0.0525427
15.9274	12.8783
1.3361	0.811074
2.4729	0.869134
3.65712	0.73022
4.44555	0.853586
5.53064	0.428947
6.32251	0.617771
7.25672	0.604626
8.31626	0.788702
9.22027	1.0216
10.2127	1.05646
11.3336	0.903247
12.2224	0.971837
13.2483	0.905019
14.2002	1.0534
14.946	12.8727
-0.0787911	1.63262
1.0084	1.69477
13.813	12.8929
3.08191	1.76348
4.07272	1.67433
4.93755	1.55983
6.13911	1.66267
6.95459	1.39011
7.77028	1.66776
9.0503	1.81086
9.79721	1.83319
10.6061	1.96063
12.0049	1.76794
12.8868	1.77085
13.0744	12.9391
14.8134	1.67982
0.344438	2.77051
1.42514	2.20672
2.46372	2.50619
3.69746	2.3464
4.59304	2.38912
5.54451	2.33372
6.56412	2.46123
7.4694	2.76181
8.51681	2.66471
9.20659	2.80684
10.4876	2.67632
11.3271	2.5992
12.3056	2.58985
13.3191	2.50921
14.4486	2.68732
15.3126	2.45838
-0.0335151	3.25467
0.976995	3.35763
2.14279	3.2852
3.08503	3.51944
4.03232	3.36821
5.29455	3.34406
6.32077	3.33688
7.16954	3.23874
8.00918	3.36057
11.9778	12.8914
10.1242	3.54261
10.8911	3.65991
11.8622	3.5778
12.7873	3.51577
13.9519	3.18549
15.0449	3.33744
0.435957	4.32727
1.63207	4.34204
2.81077	4.23803
3.66995	4.10206
4.75622	4.17497
5.83702	4.18324
6.70541	4.18917
7.61648	4.15797
8.56397	4.25157
9.70462	4.54543
10.9849	13.0409
11.4533	4.39404
12.3027	4.68771
13.634	4.28166
14.3752	4.50955
15.402	4.33177
0.500844	5.19594
1.35168	5.27422
2.19428	5.10947
3.11397	5.00926
4.37921	5.01565
5.11521	5.10775
6.4858	5.01054
7.53304	5.18849
8.49506	5.13545
9.3391	5.00255
10.2631	5.35608
11.3172	4.90842
11.8978	5.20968
12.986	5.35051
10.1151	12.8144
9.01901	13.1606
0.813448	5.99632
1.74307	5.91617
2.87958	5.98264
3.77362	6.05972
5.09029	12.7556
4.13474	12.7964
6.88379	5.86191
7.99798	5.91052
8.9798	5.91569
9.93258	5.98102
3.07262	12.8503
11.8645	5.82894
12.5878	6.40115
13.6804	6.00367
14.8889	6.05477
15.6224	6.00468
0.425255	7.02711
1.41172	6.81985
2.15547	6.90535
3.38272	6.79626
4.31176	6.93586
5.49324	6.83644
6.62577	6.57853
7.57508	6.6642
8.35935	6.97712
9.53813	6.94702
10.1733	6.82253
11.3369	6.8092
12.2525	7.12892
13.2608	7.15746
14.3748	7.01915
15.2132	6.90534
0.92494	7.8713
1.89963	7.58958
2.7693	7.52755
3.95986	7.6659
5.01463	7.61137
6.03742	7.71577
7.00851	7.51811
2.07282	12.7619
8.83772	7.84371
9.80387	7.7018
10.6946	7.54055
11.8793	7.72778
12.6529	7.65863
13.9396	7.80767
14.7669	7.68615
15.9727	7.73529
0.652656	8.33468
1.20941	12.8488
2.46595	8.66899
3.41658	8.50982
4.3846	8.50901
5.44449	8.51627
6.61869	8.45753
7.37555	8.61101
8.40772	8.51725
9.4138	8.53812
10.2777	8.60648
11.3071	8.65002
14.5397	11.9893
13.3504	8.70621
14.3009	8.55699
15.3758	8.53923
1.10529	9.57462
2.02718	9.26631
2.98462	9.33357
3.97401	9.26462
5.17206	9.3033
5.92198	9.34829
7.10251	9.41857
13.5378	12.0154
8.88404	9.57749
12.4662	12.0779
10.7711	9.76861
11.7778	9.45175
12.7179	9.39546
11.5754	12.2562
14.9087	9.66617
15.9507	9.38415
0.697434	10.3723
1.7818	10.1857
9.40532	12.2682
3.55347	10.1343
4.41853	10.3519
5.45475	10.2248
6.39901	10.1228
7.32061	10.3003
8.46714	10.3465
9.3687	10.5288
10.3889	10.4267
11.4851	10.3261
12.4533	10.0343
13.3369	10.1155
14.5539	10.3281
15.3311	10.4043
1.13059	11.1282
1.78918	10.9546
2.97839	10.9495
3.90348	11.0619
4.99349	10.9015
5.93503	10.966
7.00231	11.2677
7.87971	11.1476
8.98611	11.2947
9.92414	11.3083
11.0599	11.2461
12.0477	11.3355
13.033	11.3058
8.43348	12.3102
15.062	10.9852
16.0248	11.1652
0.613437	11.9502
1.66382	12.0566
2.68894	12.0377
3.38145	11.8653
4.41261	11.9904
7.53768	12.109
