-0.0367983	0.295111
0.826828	0.123681
1.99179	0.222333
2.77845	0.117607
4.02225	0.0540823
4.87819	-0.31172
5.96237	-0.359251
6.82484	-0.249771
7.60801	-0.164102
8.63698	0.176693
9.89433	0.19507
10.7229	0.241295
11.7973	0.212282
12.8436	0.282872
13.8289	0.212006
14.7685	-0.050476
15.9706	12.8799
1.33711	0.810203
2.47397	0.867234
3.65777	0.724832
4.44664	0.845411
5.5296	0.415374
6.32255	0.603324
7.25682	0.595304
8.31486	0.787837
9.21664	1.02922
10.21	1.06375
11.3307	0.908817
12.2197	0.975478
13.2442	0.908869
14.1964	1.05614
14.9892	12.8754
-0.0821792	1.63199
1.00512	1.69229
13.8563	12.8968
3.08562	1.75979
4.0761	1.66719
4.94561	1.54675
6.15424	1.6477
6.9577	1.37314
7.77082	1.65823
9.05233	1.80752
9.79426	1.84033
10.6033	1.96704
12.0015	1.77322
12.8835	1.77497
13.1162	12.9419
14.8102	1.68197
0.342982	2.76916
1.4356	2.20672
2.47374	2.50771
3.7105	2.34154
4.60634	2.37821
5.55744	2.31679
6.57663	2.44764
7.47966	2.75491
8.52788	2.66696
9.20438	2.81443
10.4854	2.68284
11.3248	2.60496
12.3033	2.59473
13.3167	2.51278
14.4464	2.68985
15.3106	2.45851
-0.0338866	3.25379
0.99362	3.36001
2.15924	3.28471
3.10204	3.51664
4.05408	3.36044
5.3163	3.3362
6.34253	3.3289
7.19012	3.22972
8.02723	3.36785
12.0196	12.8968
10.1228	3.54914
10.8898	3.66606
11.8608	3.58308
12.7859	3.51981
13.9501	3.18847
15.0447	3.33811
0.435257	4.32654
1.63099	4.36027
2.83326	4.23328
3.69211	4.09526
4.77847	4.16676
5.85927	4.17554
6.72767	4.18097
7.6389	4.155
8.58557	4.25663
9.72366	4.56025
11.0267	13.0463
11.4526	4.39969
12.3074	4.70282
13.6352	4.28551
14.3771	4.51138
15.4038	4.33171
0.531428	5.1923
1.37898	5.30051
2.22022	5.10714
3.13829	5.00378
4.40354	5.00836
5.13703	5.0997
6.52301	5.00224
7.57009	5.1811
8.53216	5.12893
9.36373	5.00447
10.2884	5.35626
11.3441	4.91244
11.8932	5.21746
12.9963	5.35981
10.1563	12.8221
9.06157	13.1728
0.842792	5.99317
1.77266	5.91588
2.90915	5.9826
3.79944	6.0533
5.13248	12.7471
4.17715	12.7928
6.92024	5.85396
8.03438	5.90355
9.01025	5.91988
9.95905	5.98182
3.11864	12.8484
11.894	5.83139
12.6087	6.41439
13.6997	6.00327
14.9194	6.06155
15.6517	6.00124
0.454309	7.02385
1.44083	6.81687
2.18483	6.90514
3.41167	6.79149
4.341	6.92916
5.52931	6.82938
6.66159	6.57035
7.61082	6.65686
8.3927	6.97118
9.57045	6.95019
10.2057	6.82611
11.3693	6.81319
12.2859	7.13025
13.2909	7.16092
14.4053	7.02596
15.2436	6.9121
0.957746	7.87356
1.93008	7.58575
2.79977	7.52405
3.99062	7.65993
5.05021	7.604
6.07267	7.70922
7.0435	7.51027
2.11868	12.7618
8.86843	7.83921
9.8357	7.70515
10.7267	7.54432
11.9114	7.73196
12.6851	7.66474
13.9717	7.81536
14.7991	7.69468
16.005	7.74036
0.686694	8.33766
1.25543	12.8503
2.50081	8.66349
3.4513	8.50351
4.41932	8.50104
5.4792	8.50931
6.65388	8.44977
7.40963	8.60347
8.44274	8.52079
9.44533	8.54132
10.3092	8.60999
11.3386	8.65416
14.5843	11.9943
13.3831	8.71425
14.3335	8.56445
15.4105	8.546
1.14347	9.57609
2.06254	9.26117
3.02004	9.32763
4.00948	9.2594
5.20755	9.29739
5.95755	9.34084
7.13807	9.41153
13.5774	12.0147
8.91757	9.5817
12.5061	12.0821
10.8029	9.7729
11.8095	9.45576
12.7497	9.40283
11.6156	12.2625
14.9429	9.67272
15.9883	9.38894
0.738282	10.3752
1.82203	10.185
9.44427	12.2788
3.58883	10.129
4.45404	10.346
5.49025	10.2189
6.43612	10.1173
7.35658	10.3006
8.50289	10.3519
9.40351	10.5358
10.4212	10.4338
11.5171	10.3302
12.4852	10.0381
13.3691	10.1164
14.5946	10.3381
15.3721	10.4111
1.17372	11.1297
1.82832	10.9539
3.01752	10.9469
3.9395	11.0563
5.0294	10.8952
5.97092	10.9598
7.03652	11.2675
7.91414	11.1489
9.01984	11.3012
9.95784	11.3161
11.0935	11.252
12.0815	11.3384
13.069	11.3077
8.47237	12.3195
15.1081	10.991
16.0717	11.1666
0.656362	11.9516
1.70837	12.0573
2.73345	12.0365
3.41962	11.8609
4.45086	11.9853
7.57792	12.1123
