-0.0414108	0.296517
0.825493	0.124985
1.99055	0.222472
2.77735	0.114814
4.0203	0.0468909
4.874	-0.323245
5.9612	-0.373751
6.82265	-0.256478
7.605	-0.163673
8.63077	0.186647
9.88921	0.202182
10.7179	0.246051
11.7923	0.216774
12.8387	0.284715
13.8242	0.215487
14.7635	-0.0479808
16.0166	12.8819
1.3384	0.809548
2.47532	0.865432
3.65865	0.719166
4.44796	0.836798
5.5286	0.400971
6.32295	0.588238
7.25725	0.585619
8.31365	0.786931
9.21293	1.03747
10.2076	1.07139
11.3281	0.914895
12.2172	0.979438
13.2403	0.912964
14.1926	1.05923
15.0351	12.8784
-0.085445	1.63171
1.00197	1.68995
13.9022	12.9011
3.08988	1.75598
4.08001	1.65974
4.95412	1.53297
6.1699	1.63203
6.9611	1.35557
7.77145	1.64844
9.0543	1.80431
9.7916	1.84783
10.6007	1.97381
11.9984	1.77886
12.8804	1.77944
13.1605	12.945
14.807	1.68439
0.341879	2.76808
1.44666	2.20688
2.48444	2.50913
3.72407	2.33643
4.62015	2.36656
5.57084	2.29911
6.58958	2.43341
7.49019	2.7477
8.53917	2.66936
9.20235	2.82231
10.4835	2.68972
11.3229	2.61108
12.3014	2.59997
13.3146	2.51667
14.4444	2.69269
15.3089	2.45909
-0.0340705	3.25343
1.01091	3.36253
2.17633	3.28423
3.11974	3.51366
4.0768	3.3522
5.33902	3.32771
6.36525	3.32053
7.21174	3.22038
8.04587	3.37545
12.0637	12.9026
10.1218	3.55579
10.8888	3.67258
11.8597	3.58872
12.7847	3.52419
13.9486	3.19178
15.0447	3.33919
0.434926	4.32625
1.6299	4.38053
2.85667	4.22827
3.71519	4.0882
4.80165	4.15811
5.88245	4.16743
6.75085	4.1724
7.66222	4.15203
8.60797	4.26187
9.74351	4.5749
11.0709	13.0523
11.4523	4.4057
12.3125	4.71848
13.6366	4.28963
14.379	4.51358
15.4056	4.33211
0.562383	5.18796
1.40531	5.3277
2.24704	5.10452
3.16354	4.99804
4.4288	5.00063
5.15974	5.09123
6.56093	4.99258
7.60787	5.17227
8.56999	5.12099
9.38915	5.00656
10.3145	5.35642
11.3719	4.91668
11.889	5.22553
13.0071	5.36945
10.1998	12.8307
9.10659	13.186
0.872583	5.98928
1.80269	5.91502
2.93921	5.98142
3.82634	6.04652
5.1768	12.738
4.22173	12.7888
6.95739	5.84466
8.07139	5.89508
9.04234	5.92451
9.9865	5.98266
3.16699	12.8465
11.9249	5.83379
12.6303	6.42798
13.7198	6.00252
14.9517	6.06892
15.6815	5.99734
0.484092	7.01996
1.47062	6.81298
2.21515	6.90417
3.44159	6.78629
4.37121	6.92203
5.56626	6.82148
6.69817	6.56085
7.64733	6.64811
8.4272	6.96355
9.60461	6.9537
10.24	6.83003
11.4035	6.81735
12.3212	7.13131
13.3226	7.1642
14.4375	7.03325
15.2758	6.91953
0.992435	7.87635
1.96145	7.58085
2.83121	7.52012
4.02235	7.65353
5.08701	7.596
6.10887	7.70178
7.07933	7.50107
2.16687	12.762
8.90076	7.83278
9.86937	7.70883
10.7608	7.54835
11.9454	7.73624
12.7193	7.67099
14.0057	7.82361
14.8332	7.70379
16.0393	7.74594
0.722511	8.34111
1.30379	12.8523
2.53697	8.65766
3.48728	8.49655
4.45529	8.49245
5.51516	8.50171
6.69011	8.44074
7.44456	8.59457
8.47865	8.52524
9.47881	8.54491
10.3427	8.61378
11.372	8.65855
14.6316	11.9997
13.4176	8.72287
14.3679	8.57248
15.4471	8.55332
1.18361	9.57793
2.09942	9.25586
3.05699	9.32118
4.04651	9.25404
5.24461	9.29105
5.99473	9.33254
7.17523	9.40338
13.6191	12.0142
8.9531	9.58633
12.5481	12.0867
10.8366	9.77742
11.8431	9.46003
12.7836	9.41081
11.6582	12.2694
14.9788	9.67993
16.0278	9.39427
0.781213	10.3784
1.86432	10.1847
9.48546	12.2904
3.62602	10.1238
4.49143	10.3399
5.52761	10.2125
6.4754	10.1112
7.3946	10.3008
8.54064	10.3578
9.44025	10.5435
10.4552	10.4415
11.5508	10.3347
12.5188	10.0424
13.4029	10.1178
14.6373	10.3488
15.4151	10.4186
1.21921	11.1315
1.86962	10.9535
3.0588	10.9444
3.97758	11.0507
5.06732	10.8885
6.00885	10.953
7.07258	11.267
7.95044	11.1503
9.05535	11.3083
9.99333	11.3247
11.1288	11.2587
12.1172	11.3419
13.1068	11.3101
8.5135	12.3295
15.1567	10.9971
16.1211	11.1682
0.701894	11.9534
1.75512	12.0583
2.78015	12.0354
3.45976	11.8566
4.49113	11.9799
7.62058	12.1159
