-0.0464819	0.297937
0.824418	0.126482
1.9896	0.222465
2.77653	0.111821
4.0186	0.0394263
4.86967	-0.335408
5.96043	-0.38906
6.82069	-0.263337
7.60212	-0.163056
8.62454	0.196915
9.88366	0.20911
10.7124	0.250525
11.7868	0.221644
12.8334	0.286939
13.819	0.219644
14.7579	-0.0451236
16.0642	12.8841
1.34	0.809031
2.477	0.863438
3.65983	0.713246
4.44963	0.827599
5.52777	0.385627
6.32379	0.572323
7.25808	0.575487
8.31266	0.786131
9.2093	1.04596
10.205	1.0797
11.3253	0.921541
12.2145	0.984034
13.2361	0.917929
14.1886	1.06288
15.0828	12.882
-0.0892952	1.63172
0.998256	1.68738
13.9499	12.9063
3.09451	1.75194
4.08424	1.65169
4.9636	1.51802
6.18751	1.61479
6.9657	1.33651
7.77287	1.63803
9.0569	1.80089
9.78856	1.85589
10.5978	1.98122
11.995	1.78525
12.8769	1.78471
13.2068	12.9485
14.8034	1.6877
0.340721	2.76707
1.45962	2.20514
2.49636	2.5109
3.73948	2.33117
4.63578	2.35405
5.58594	2.2796
6.60417	2.41774
7.502	2.73989
8.55169	2.67178
9.20003	2.83081
10.4812	2.69722
11.3205	2.6179
12.2989	2.60598
13.3121	2.52138
14.442	2.69646
15.3071	2.46015
-0.0343171	3.25347
1.03026	3.36318
2.19553	3.28274
3.13934	3.51054
4.10172	3.34359
5.36395	3.31946
6.39018	3.31197
7.23567	3.21093
8.06639	3.38338
12.1099	12.9088
10.1202	3.5634
10.8872	3.67974
11.8581	3.59509
12.783	3.52934
13.9467	3.19597
15.0446	3.3408
0.434998	4.32615
1.62876	4.40253
2.88229	4.22213
3.7405	4.08017
4.82703	4.14909
5.90781	4.15912
6.77622	4.16364
7.6877	4.14898
8.63243	4.26728
9.76503	4.5908
11.117	13.0581
11.4513	4.4124
12.3181	4.73646
13.638	4.29478
14.3812	4.51643
15.4076	4.33297
0.593829	5.18263
1.43057	5.35558
2.27541	5.10028
3.19086	4.99122
4.45612	4.99247
5.1845	5.08245
6.60044	4.98293
7.64723	5.16348
8.60939	5.11292
9.41701	5.0084
10.343	5.35667
11.4023	4.9216
11.884	5.23439
13.019	5.38066
10.2453	12.8391
9.15372	13.1995
0.903871	5.98401
1.8342	5.91249
2.97075	5.97824
3.85477	6.039
5.22335	12.7285
4.26859	12.785
6.99627	5.83531
8.11033	5.88672
9.07652	5.92872
10.016	5.98347
3.218	12.8446
11.9582	5.83696
12.6534	6.44307
13.7411	6.00302
14.9853	6.07696
15.7128	5.99214
0.515455	7.01472
1.50196	6.80767
2.24722	6.90141
3.47336	6.7805
4.40323	6.91456
5.60489	6.81344
6.73645	6.55128
7.68554	6.63933
8.46319	6.95617
9.64048	6.95698
10.2759	6.8339
11.4395	6.82195
12.358	7.13339
13.3558	7.16871
14.4711	7.04129
15.3095	6.92757
1.02864	7.87939
1.99444	7.57449
2.86432	7.51543
4.05569	7.64669
5.12517	7.58768
6.14671	7.69423
7.11682	7.49181
2.21769	12.7623
8.93471	7.8265
9.90453	7.71235
10.7964	7.55255
11.9808	7.74118
12.755	7.67836
14.0411	7.83264
14.8688	7.7138
16.075	7.75205
0.760156	8.34498
1.35482	12.8545
2.5745	8.65119
3.52462	8.48901
4.49263	8.48354
5.55249	8.49378
6.72798	8.43164
7.48128	8.58558
8.51616	8.52912
9.51343	8.54818
10.3772	8.6176
11.4066	8.6633
14.6806	12.0059
13.4536	8.73224
14.4038	8.5813
15.4854	8.56135
1.22577	9.58011
2.13762	9.24989
3.09527	9.31412
4.08487	9.2483
5.283	9.28438
6.03323	9.32393
7.21372	9.39497
13.6628	12.0135
8.98971	9.5906
12.5923	12.0917
10.8713	9.78225
11.8778	9.46473
12.8184	9.41914
11.7028	12.2766
15.0164	9.68776
16.0693	9.40008
0.82631	10.3821
1.90864	10.184
9.52848	12.3021
3.66459	10.1181
4.53019	10.3335
5.56633	10.2057
6.51588	10.1048
7.43377	10.3006
8.57952	10.3632
9.47847	10.5509
10.4904	10.4492
11.5857	10.3393
12.5537	10.0469
13.4381	10.1189
14.6823	10.3604
15.4604	10.4266
1.26678	11.1337
1.91257	10.9529
3.10174	10.9418
4.01697	11.0448
5.10656	10.8816
6.04811	10.9459
7.10996	11.2662
7.98804	11.1511
9.0921	11.3149
10.03	11.3331
11.1655	11.2651
12.154	11.3454
13.1465	11.3123
8.55645	12.3394
15.2072	11.0041
16.1725	11.1704
0.749263	11.9555
1.80436	12.0596
2.82934	12.0344
3.50173	11.8521
4.53322	11.9745
7.66515	12.1191
