0.0371233	0.306477
0.866438	0.13346
2.03129	0.233338
2.8076	0.166629
4.05866	0.151928
4.94462	-0.157782
6.00891	-0.157775
6.8783	-0.160326
7.66599	-0.175319
8.72957	0.0337402
9.97019	0.0949464
10.8021	0.174056
11.8768	0.15984
12.9201	0.265698
13.9048	0.186281
14.8491	-0.0585037
15.3521	12.8803
1.33919	0.84635
2.47598	0.904639
3.66419	0.805502
4.44628	0.964097
5.55459	0.604404
6.34087	0.814902
7.27114	0.728207
8.34435	0.797136
9.27091	0.911087
10.2578	0.956444
11.3828	0.837223
12.2691	0.932923
13.3071	0.872029
14.2563	1.03716
14.3709	12.8574
-0.0396553	1.66708
1.0467	1.74232
13.2395	12.8564
3.05465	1.81889
4.0484	1.77299
4.84256	1.72816
5.95978	1.85111
6.93382	1.61767
7.77701	1.79503
9.02123	1.85801
9.83697	1.7303
10.6433	1.87346
12.0513	1.70616
12.9329	1.73243
12.515	12.909
14.8515	1.68066
0.369812	2.80999
1.34273	2.14963
2.36627	2.49706
3.54771	2.42602
4.43826	2.53002
5.39124	2.54438
6.41499	2.63285
7.34513	2.8443
8.37499	2.63005
9.22939	2.69346
10.5109	2.58671
11.3517	2.52596
12.3302	2.53575
13.3455	2.48199
14.4712	2.68243
15.3418	2.48737
-0.0346076	3.30165
0.789644	3.25394
1.95762	3.26657
2.88034	3.5687
3.76346	3.47942
5.02579	3.463
6.05203	3.46381
6.94364	3.39665
7.77975	3.25263
11.4205	12.8268
10.1298	3.45016
10.895	3.57798
11.8675	3.51482
12.794	3.47787
13.9648	3.17064
15.0412	3.35577
0.435251	4.37408
1.61654	4.18574
2.53074	4.27929
3.39548	4.1849
4.47872	4.29385
5.5595	4.30512
6.42779	4.32004
7.33259	4.20899
8.28401	4.17317
9.45481	4.30226
10.4257	12.9631
11.4428	4.32293
12.2404	4.51683
13.6073	4.25455
14.3398	4.50918
15.3607	4.3628
0.0920889	5.17472
0.857771	4.79554
1.85598	5.10644
2.79639	5.06423
4.06064	5.11487
4.83513	5.22762
5.9432	5.10009
6.99281	5.26346
7.954	5.19693
9.01418	4.96793
9.92738	5.34844
10.9645	4.86267
11.9421	5.10625
12.8494	5.2485
9.56573	12.7017
8.45294	12.9899
0.41849	5.96957
1.34707	5.87805
2.48283	5.95628
3.41888	6.13711
4.52557	12.872
3.56939	12.851
6.35315	5.94577
7.46768	5.97881
8.58288	5.84936
9.57864	5.9634
2.46213	12.8859
11.4795	5.8016
12.2977	6.22731
13.4062	6.02228
14.4868	5.98758
15.2274	5.96758
0.0199604	6.99641
1.00845	6.79907
1.7492	6.87145
2.98104	6.84675
3.90437	7.02022
4.97183	6.92063
6.10508	6.66589
7.05549	6.7384
7.89377	7.02124
9.1113	6.89633
9.74617	6.77033
10.9097	6.75795
11.8106	7.11724
12.8588	7.12121
13.9681	6.94952
14.807	6.83966
0.485268	7.86527
1.46993	7.58493
2.3413	7.55513
3.52601	7.7369
4.50447	7.7024
5.52859	7.79205
6.50081	7.60008
1.46389	12.7814
8.42434	7.85689
9.37879	7.65049
10.2669	7.48876
11.4514	7.67697
12.2228	7.58621
13.5106	7.72531
14.337	7.5981
15.5401	7.69306
0.196794	8.31875
0.599185	12.8543
1.96863	8.735
2.91985	8.57941
3.88742	8.60901
4.94729	8.60102
6.11544	8.54133
6.8858	8.68678
7.89941	8.47053
8.98816	8.48656
9.85202	8.55548
10.8815	8.59702
13.9491	11.9393
12.9094	8.61587
13.8619	8.47941
14.9131	8.4737
0.594808	9.57729
1.52761	9.33066
2.4848	9.40153
3.47468	9.34011
4.67269	9.38006
5.42198	9.43463
6.60325	9.49107
13.0076	12.0207
8.42405	9.50772
11.9342	12.029
10.3345	9.71027
11.3443	9.40333
12.2813	9.30922
11.0382	12.1793
14.4421	9.60321
15.4495	9.34354
0.152466	10.3564
1.24389	10.2169
8.88562	12.119
3.06611	10.2155
3.93028	10.4366
4.96509	10.2985
5.89135	10.1868
6.82541	10.2783
7.9727	10.2571
8.8936	10.4181
9.94686	10.3216
11.0465	10.2704
12.0175	9.98856
12.8973	10.1043
14.0136	10.22
14.7859	10.3356
0.554269	11.1294
1.26013	10.9857
2.44927	10.9996
3.41236	11.1444
4.50302	10.9885
5.44539	11.0396
6.53357	11.2541
7.40736	11.1101
8.5207	11.1888
9.45882	11.1905
10.5958	11.1585
11.578	11.2964
12.5469	11.2818
7.9144	12.1732
14.4521	10.9254
15.4032	11.1598
0.0410689	11.9539
1.06637	12.0696
2.09165	12.0673
2.86784	11.9367
3.89866	12.0646
7.00489	12.0477
