-0.0512384	0.29999
0.823566	0.128377
1.98889	0.222652
2.77574	0.108834
4.01688	0.0314916
4.8651	-0.348081
5.96025	-0.404849
6.81922	-0.27061
7.59959	-0.162384
8.61831	0.20795
9.87818	0.216811
10.7072	0.255612
11.7817	0.226892
12.8284	0.289228
13.8142	0.224089
14.7528	-0.0418147
16.1151	12.8869
1.34192	0.808828
2.47899	0.861558
3.66126	0.70698
4.45153	0.818009
5.52697	0.369494
6.3252	0.55593
7.25945	0.564858
8.31201	0.785394
9.2057	1.05517
10.203	1.08842
11.3231	0.928719
12.2125	0.988904
13.2321	0.923079
14.1847	1.06688
15.1337	12.886
-0.0928185	1.6322
0.994872	1.6851
14.0009	12.9116
3.09979	1.74777
4.08911	1.6434
4.97333	1.50254
6.20563	1.59718
6.97042	1.31732
7.77437	1.62733
9.05927	1.79792
9.78604	1.86434
10.5954	1.98898
11.992	1.79197
12.874	1.7903
13.2558	12.9522
14.8	1.69122
0.340077	2.76645
1.47328	2.20374
2.50912	2.51256
3.75526	2.32561
4.65171	2.34097
5.6013	2.25949
6.61894	2.40186
7.51397	2.73172
8.56432	2.67467
9.19811	2.83962
10.4794	2.70508
11.3186	2.62505
12.297	2.6123
13.3101	2.52641
14.4402	2.70051
15.3056	2.46175
-0.0342467	3.25413
1.05029	3.36412
2.2154	3.2814
3.15967	3.50728
4.12736	3.33445
5.38959	3.31023
6.41582	3.3031
7.26035	3.2012
8.08711	3.39173
12.1589	12.9156
10.1192	3.57105
10.8862	3.68726
11.857	3.60179
12.7819	3.53483
13.9452	3.20045
15.0449	3.34288
0.435836	4.32647
1.62783	4.42673
2.90862	4.21603
3.7665	4.07203
4.85311	4.13955
5.93388	4.15049
6.80229	4.15457
7.71385	4.14579
8.65744	4.27286
9.7872	4.60617
11.1659	13.0647
11.4509	4.41944
12.3241	4.75452
13.6397	4.30013
14.3835	4.51968
15.4097	4.33437
0.624742	5.17683
1.45357	5.38443
2.30411	5.09581
3.21902	4.98438
4.48428	4.98384
5.20979	5.07321
6.64109	4.9717
7.68773	5.15316
8.64993	5.10347
9.44537	5.01042
10.3721	5.3567
11.4335	4.92662
11.8799	5.24341
13.0312	5.39193
10.2935	12.8483
9.20371	13.2139
0.934815	5.9782
1.86534	5.90934
3.00201	5.9731
3.88442	6.03122
5.27239	12.7185
4.31799	12.7808
7.03611	5.82445
8.15004	5.87674
9.11229	5.93344
10.0465	5.9842
3.27169	12.8427
11.9928	5.8399
12.6771	6.45823
13.763	6.00287
15.0211	6.08572
15.7438	5.98723
0.547294	7.00925
1.53362	6.80134
2.2801	6.89753
3.50601	6.77426
4.43612	6.9066
5.64462	6.80443
6.7757	6.5402
7.72471	6.62905
8.50095	6.94682
9.67836	6.96054
10.3139	6.83809
11.4775	6.8267
12.3971	7.13491
13.3908	7.17283
14.5067	7.04992
15.345	6.9364
1.06688	7.883
2.02827	7.56676
2.89832	7.51031
4.08993	7.63937
5.16479	7.57861
6.18565	7.68571
7.15528	7.48106
2.27118	12.7629
8.9705	7.81822
9.94167	7.71617
10.834	7.557
12.0184	7.7462
12.7927	7.68565
14.0785	7.8423
14.9064	7.72456
16.1127	7.75887
0.799684	8.34933
1.40854	12.8573
2.61352	8.64429
3.56338	8.48064
4.53138	8.47386
5.59124	8.48512
6.76713	8.42117
7.51887	8.57511
8.55447	8.53396
9.55015	8.55181
10.4139	8.62167
11.4432	8.66831
14.733	12.0124
13.4914	8.74218
14.4416	8.59079
15.5258	8.57009
1.27016	9.58261
2.17757	9.24367
3.13532	9.30642
4.12503	9.24232
5.3232	9.2772
6.07354	9.31436
7.25404	9.3854
13.709	12.0127
9.02847	9.59525
12.6389	12.0971
10.9081	9.78733
11.9145	9.46966
12.8554	9.42821
11.7499	12.2846
15.0558	9.69639
16.113	9.40651
0.873864	10.3861
1.95544	10.184
9.57415	12.3148
3.70519	10.1124
4.57103	10.3268
5.60709	10.1984
6.55886	10.0978
7.47531	10.3002
8.6207	10.3692
9.51868	10.5589
10.5275	10.4575
11.6225	10.3443
12.5904	10.0518
13.4751	10.1204
14.7297	10.3729
15.5081	10.4355
1.3171	11.1362
1.95803	10.9529
3.14718	10.9393
4.05859	11.0386
5.14801	10.8742
6.08959	10.9381
7.14937	11.2652
8.0277	11.152
9.13081	11.3221
10.0687	11.3422
11.204	11.2723
12.1928	11.3493
13.1881	11.3149
8.60204	12.3502
15.2611	11.0113
16.2273	11.1724
0.799629	11.958
1.85612	12.0612
2.88103	12.0334
3.54605	11.8475
4.57768	11.9687
7.7126	12.1225
