-0.0564255	0.302125
0.823004	0.130516
1.98849	0.222724
2.7753	0.105637
4.01531	0.0231877
4.86052	-0.361728
5.96055	-0.421615
6.81803	-0.278104
7.5972	-0.161554
8.61199	0.219402
9.8723	0.224459
10.7015	0.26052
11.776	0.2326
12.823	0.291941
13.8089	0.229252
14.7471	-0.0380886
16.1681	12.89
1.34423	0.808772
2.48139	0.859474
3.66308	0.700445
4.45386	0.807766
5.52633	0.352199
6.32712	0.538543
7.2613	0.553729
8.31161	0.784719
9.20216	1.06469
10.2008	1.09786
11.3207	0.936534
12.2102	0.994439
13.2278	0.929134
14.1807	1.07147
15.1867	12.8905
-0.0969096	1.6329
0.990936	1.68254
14.0539	12.9179
3.10553	1.74334
4.09435	1.63443
4.98429	1.48563
6.22578	1.57774
6.97653	1.29638
7.77672	1.61596
9.06228	1.79472
9.78315	1.87339
10.5926	1.99742
11.9887	1.79947
12.8706	1.79672
13.3072	12.9563
14.7962	1.69566
0.339379	2.76585
1.48896	2.20054
2.52324	2.51453
3.77307	2.31982
4.66963	2.3267
5.61851	2.23735
6.63551	2.38425
7.52725	2.72287
8.57818	2.67752
9.19592	2.84909
10.4771	2.7136
11.3163	2.63293
12.2947	2.61944
13.3076	2.5323
14.4379	2.70551
15.304	2.46376
-0.0341571	3.25508
1.07253	3.3633
2.23753	3.27903
3.18207	3.50379
4.15547	3.3248
5.41772	3.30119
6.44395	3.29389
7.28766	3.19121
8.10989	3.40044
12.2102	12.9229
10.1176	3.57973
10.8848	3.69547
11.8555	3.60926
12.7802	3.54113
13.9433	3.20584
15.0451	3.34546
0.437286	4.32682
1.62676	4.45357
2.93744	4.20866
3.795	4.06279
4.88166	4.12951
5.96243	4.14152
6.83084	4.14518
7.74244	4.14257
8.68478	4.2786
9.81129	4.62272
11.2171	13.0712
11.45	4.42723
12.331	4.77506
13.6416	4.30657
14.3861	4.52356
15.4121	4.33616
0.655152	5.17023
1.4738	5.41491
2.33436	5.08942
3.24952	4.97634
4.51478	4.97464
5.23742	5.06352
6.68326	4.96034
7.72974	5.1427
8.69198	5.09372
9.47635	5.01224
10.4037	5.35691
11.4673	4.93242
11.8751	5.25316
13.0448	5.40484
10.344	12.8576
9.25608	13.2288
0.966894	5.97096
1.89756	5.90401
3.03439	5.96476
3.91587	6.02257
5.32377	12.708
4.36982	12.7767
7.07762	5.8134
8.19164	5.8667
9.15042	5.93782
10.0792	5.98499
3.32831	12.8407
12.0299	5.84368
12.7023	6.47492
13.7863	6.00406
15.0583	6.0952
15.7759	5.98136
0.580751	7.00252
1.5668	6.79329
2.31494	6.8911
3.54079	6.7673
4.47109	6.89829
5.68602	6.79526
6.8166	6.52893
7.76555	6.61857
8.54019	6.93755
9.71818	6.96399
10.3539	6.84234
11.5175	6.83198
12.438	7.13752
13.4276	7.17822
14.5439	7.05942
15.3822	6.94587
1.10683	7.88691
2.0639	7.55713
2.93418	7.50423
4.12598	7.63156
5.20583	7.5692
6.22624	7.67703
7.1954	7.4701
2.32758	12.7636
9.00817	7.8098
9.98054	7.71995
10.8734	7.5617
12.0576	7.75194
12.8321	7.69409
14.1177	7.85284
14.9457	7.73634
16.1521	7.76627
0.841287	8.35419
1.4652	12.8603
2.65396	8.63672
3.60357	8.47157
4.57156	8.46384
5.63141	8.47612
6.80791	8.41049
7.55828	8.56439
8.59437	8.53847
9.58828	8.55523
10.452	8.62586
11.4812	8.67374
14.7873	12.0197
13.531	8.75302
14.4811	8.60114
15.5681	8.57961
1.31681	9.58553
2.21895	9.23677
3.17679	9.29803
4.16664	9.23599
5.36484	9.26969
6.1153	9.30444
7.2958	9.37544
13.7574	12.0118
9.06858	9.59966
12.6878	12.103
10.9461	9.79277
11.9525	9.4751
12.8935	9.43774
11.7994	12.293
15.0971	9.70573
16.1589	9.41352
0.923811	10.3907
2.0045	10.1839
9.62188	12.3278
3.74734	10.1063
4.61341	10.3198
5.64938	10.1907
6.60326	10.0904
7.5182	10.2996
8.66318	10.3748
9.56057	10.5667
10.5661	10.4658
11.6607	10.3495
12.6286	10.057
13.5136	10.1217
14.7796	10.3863
15.5583	10.4449
1.36979	11.1391
2.00536	10.9528
3.19448	10.9367
4.10173	11.0322
5.19097	10.8666
6.13259	10.9299
7.19025	11.2638
8.06882	11.1524
9.17091	11.3291
10.1088	11.3513
11.2439	11.2795
12.233	11.3534
13.2318	11.3175
8.6497	12.361
15.3171	11.0196
16.2841	11.1753
0.852188	11.9608
1.91063	12.063
2.93547	12.0325
3.59229	11.8428
4.62405	11.9629
7.76224	12.1257
