-0.0609903	0.304867
0.822784	0.132955
1.98845	0.222853
2.77509	0.102359
4.01383	0.014441
4.85591	-0.375772
5.96177	-0.438547
6.81766	-0.285859
7.59546	-0.160473
8.60597	0.231686
9.86667	0.232921
10.6965	0.266051
11.771	0.238587
12.8181	0.294518
13.8042	0.234573
14.7421	-0.0339897
16.2249	12.8935
1.34695	0.808939
2.48422	0.857376
3.66525	0.693586
4.45652	0.79725
5.52582	0.334297
6.3299	0.521017
7.26395	0.542475
8.31181	0.784335
9.19891	1.07504
10.1996	1.10771
11.3192	0.944823
12.2089	1.0001
13.2241	0.935213
14.1772	1.07631
15.2435	12.8954
-0.100286	1.63414
0.987716	1.68028
14.1109	12.924
3.11191	1.73872
4.10023	1.62531
4.99517	1.4686
6.24587	1.55848
6.98267	1.27595
7.77908	1.60485
9.06504	1.79243
9.78117	1.88283
10.5907	2.00618
11.9863	1.80723
12.8682	1.80334
13.3618	12.9605
14.793	1.70011
0.339643	2.76568
1.50482	2.19882
2.53806	2.51621
3.79074	2.31369
4.68733	2.31219
5.63545	2.21517
6.65174	2.36694
7.5402	2.71409
8.59158	2.68097
9.19455	2.85889
10.4758	2.72247
11.3149	2.6411
12.2933	2.6268
13.3061	2.53836
14.4366	2.71061
15.3033	2.46641
-0.0335291	3.25688
1.09502	3.36393
2.25984	3.27716
3.20479	3.50017
4.18364	3.31462
5.44589	3.2913
6.47213	3.2844
7.31505	3.18106
8.13214	3.40954
12.2647	12.9307
10.1171	3.58844
10.8843	3.704
11.8549	3.61699
12.7796	3.54762
13.9424	3.21136
15.0459	3.34853
0.439988	4.32771
1.62608	4.48295
2.96627	4.20184
3.82342	4.05361
4.91016	4.11902
5.99091	4.1322
6.85932	4.13555
7.77092	4.13945
8.71192	4.28449
9.8354	4.63836
11.2715	13.0784
11.4501	4.43529
12.3381	4.79496
13.6438	4.31294
14.3889	4.5278
15.4145	4.33862
0.684411	5.16381
1.49058	5.4469
2.3641	5.08323
3.28046	4.96866
4.54572	4.96521
5.26491	5.05341
6.72668	4.94694
7.77298	5.13035
8.73526	5.08216
9.50723	5.01408
10.4353	5.3566
11.5014	4.93812
11.8719	5.26294
13.0585	5.41732
10.3977	12.8677
9.31184	13.2448
0.997937	5.96384
1.92872	5.89858
3.0658	5.95455
3.94827	6.01397
5.37818	12.697
4.4247	12.7722
7.12	5.80048
8.23425	5.8547
9.19023	5.94275
10.1123	5.98542
3.38803	12.8387
12.0681	5.84681
12.728	6.49117
13.8097	6.00424
15.0982	6.10541
15.8069	5.97671
0.614269	6.99632
1.59982	6.78474
2.35024	6.88391
3.57611	6.76016
4.50662	6.88963
5.72856	6.78489
6.85849	6.51583
7.80737	6.60613
8.58146	6.92599
9.76024	6.96767
10.3961	6.84683
11.5597	6.83718
12.4815	7.13898
13.4663	7.18297
14.5831	7.06928
15.4216	6.9563
1.14919	7.89134
2.10015	7.54646
2.97069	7.49808
4.1627	7.62346
5.24843	7.55888
6.2681	7.66707
7.23664	7.45727
2.38708	12.7646
9.04801	7.799
10.0216	7.72396
10.9151	7.56651
12.0992	7.75749
12.8739	7.70241
14.1592	7.86389
14.9874	7.74884
16.1939	7.77439
0.885117	8.35945
1.52499	12.8637
2.69617	8.62881
3.64543	8.46171
4.61341	8.45299
5.67325	8.46615
6.8502	8.39808
7.59859	8.55186
8.63497	8.54414
9.62883	8.55898
10.4925	8.63018
11.5217	8.67927
14.8458	12.0271
13.5728	8.76426
14.5229	8.61208
15.6129	8.58985
1.36609	9.58868
2.26239	9.22976
3.22037	9.28904
4.21036	9.22935
5.4086	9.26153
6.15919	9.29327
7.3397	9.36407
13.8086	12.0108
9.11119	9.60443
12.7397	12.1092
10.9866	9.79833
11.993	9.48061
12.9342	9.44793
11.8519	12.3021
15.1403	9.71587
16.2074	9.42109
0.97665	10.3955
2.05654	10.1846
9.67278	12.3418
3.7919	10.1
4.65825	10.3124
5.69408	10.1822
6.65057	10.0823
7.56383	10.2987
8.70834	10.3809
9.60476	10.5752
10.6068	10.4748
11.7011	10.3552
12.669	10.0626
13.5543	10.1234
14.8323	10.4008
15.6114	10.4551
1.42575	11.1421
2.05557	10.9535
3.24464	10.9342
4.14751	11.0255
5.23653	10.8585
6.17821	10.9209
7.23353	11.2621
8.11236	11.1529
9.2133	11.3366
10.1511	11.3611
11.2861	11.2872
12.2754	11.3579
13.2779	11.3204
8.70052	12.3728
15.3772	11.0278
16.3452	11.1775
0.908331	11.9639
1.96809	12.0651
2.99284	12.0317
3.6415	11.8381
4.67342	11.9567
7.81532	12.1291
