-0.0661332	0.307746
0.822771	0.135697
1.98863	0.223059
2.77503	0.09892
4.01245	0.00516094
4.85107	-0.390904
5.96363	-0.456571
6.81764	-0.293693
7.59396	-0.159502
8.59978	0.244565
9.86056	0.241545
10.6909	0.271641
11.7654	0.245143
12.8127	0.297655
13.799	0.24052
14.7364	-0.0294982
16.2841	12.8973
1.35007	0.809241
2.48744	0.855192
3.66775	0.68628
4.45955	0.785845
5.5254	0.314982
6.33329	0.502402
7.26716	0.530511
8.31232	0.783781
9.1956	1.08588
10.1981	1.11824
11.3175	0.953852
12.2074	1.00656
13.2199	0.942059
14.1732	1.08168
15.3026	12.9007
-0.104356	1.6355
0.98381	1.67766
14.1701	12.9312
3.11896	1.73381
4.10668	1.61537
5.00743	1.44969
6.26834	1.537
6.99043	1.25353
7.78248	1.59279
9.06812	1.78995
9.77889	1.89293
10.5885	2.01566
11.9835	1.81576
12.8655	1.81077
13.419	12.9653
14.7892	1.70533
0.339723	2.76542
1.5225	2.19571
2.55424	2.51796
3.81072	2.30725
4.70723	2.29602
5.65444	2.19044
6.6699	2.34761
7.55456	2.70433
8.60628	2.68458
9.1929	2.86938
10.4742	2.73203
11.3132	2.65001
12.2916	2.63494
13.3043	2.54524
14.4349	2.71658
15.3023	2.46937
-0.0328432	3.25876
1.11951	3.36319
2.2842	3.27464
3.22952	3.49607
4.21461	3.30379
5.47687	3.28093
6.50311	3.27452
7.34532	3.17053
8.1565	3.41916
12.3217	12.939
10.1162	3.59799
10.8834	3.71325
11.854	3.62548
12.7786	3.55493
13.9412	3.21773
15.0468	3.35204
0.443731	4.32824
1.62487	4.51751
2.99787	4.19375
3.85468	4.04353
4.94149	4.10787
6.02222	4.12249
6.89063	4.12552
7.80218	4.13616
8.7417	4.29049
9.86182	4.65486
11.3285	13.0858
11.4498	4.44409
12.3463	4.81734
13.6463	4.32034
14.3922	4.53263
15.4175	4.34134
0.7128	5.15673
1.5024	5.4832
2.39565	5.0751
3.31384	4.95984
4.57909	4.95494
5.29499	5.04274
6.77165	4.93336
7.81781	5.11759
8.78013	5.07021
9.54084	5.01589
10.4696	5.35651
11.5382	4.94469
11.8683	5.27338
13.0737	5.43138
10.4539	12.8781
9.37022	13.2614
1.02982	5.95539
1.96064	5.89064
3.09801	5.94027
3.98284	6.00438
5.43508	12.6854
4.4822	12.7677
7.16438	5.78718
8.27841	5.84229
9.23256	5.94749
10.1479	5.98599
3.45083	12.8367
12.1091	5.85079
12.7553	6.50888
13.8348	6.00545
15.1397	6.11646
15.8389	5.97167
0.649563	6.98914
1.63441	6.7743
2.38764	6.8736
3.61373	6.75209
4.5444	6.88045
5.77299	6.77425
6.90223	6.50229
7.85103	6.59344
8.62449	6.91395
9.80453	6.97132
10.4406	6.85151
11.6042	6.84293
12.527	7.1415
13.5069	7.18858
14.6243	7.08012
15.4628	6.96749
1.19353	7.8963
2.13837	7.53362
3.0092	7.49073
4.20135	7.6147
5.29279	7.54819
6.31167	7.65696
7.27953	7.44406
2.44966	12.7657
9.09001	7.78751
10.0647	7.72803
10.959	7.57167
12.1429	7.76373
12.9178	7.71172
14.2027	7.876
15.0311	7.76233
16.2377	7.78309
0.931047	8.36531
1.58788	12.8676
2.73995	8.6201
3.68884	8.4509
4.65682	8.44162
5.71664	8.45591
6.89415	8.38531
7.64077	8.53889
8.67713	8.54977
9.67112	8.56268
10.5347	8.63469
11.5638	8.68536
14.9065	12.0355
13.6165	8.7765
14.5665	8.62411
15.6599	8.60085
1.41773	9.59228
2.3075	9.22201
3.2656	9.27917
4.25576	9.22235
5.45405	9.25302
6.20476	9.28175
7.38529	9.35219
13.8622	12.0097
9.15547	9.60911
12.7941	12.116
11.0287	9.80438
12.0351	9.48672
12.9764	9.45878
11.9069	12.3118
15.1858	9.72688
16.2583	9.42934
1.03205	10.4009
2.11091	10.1848
9.72601	12.3563
3.83828	10.0935
4.70491	10.3048
5.74059	10.1734
6.69973	10.0738
7.61124	10.2975
8.7552	10.3869
9.65088	10.5838
10.6492	10.484
11.7432	10.3613
12.7111	10.0687
13.5967	10.1252
14.8877	10.4162
15.6671	10.4662
1.48431	11.1456
2.1081	10.9537
3.29711	10.9316
4.19511	11.0185
5.28391	10.8501
6.22565	10.9114
7.27854	11.2601
8.15765	11.1531
9.25734	11.3441
10.1951	11.3712
11.33	11.2953
12.3195	11.3628
13.3261	11.3235
8.75367	12.3847
15.4395	11.0371
16.4085	11.1807
0.96686	11.9674
2.02847	12.0676
3.05311	12.0309
3.69273	11.8332
4.72482	11.9503
7.87091	12.1323
