-0.0714358	0.310802
0.822988	0.138667
1.98904	0.223439
2.77512	0.0954221
4.01127	-0.00451201
4.84598	-0.406749
5.96624	-0.475223
6.81821	-0.302003
7.59284	-0.158295
8.59366	0.258
9.85424	0.250347
10.6851	0.277252
11.7596	0.252017
12.8071	0.300957
13.7935	0.246857
14.7305	-0.0247155
16.3462	12.9013
1.35358	0.809618
2.49106	0.853028
3.67057	0.678615
4.4629	0.77386
5.525	0.294616
6.33746	0.483146
7.2711	0.518143
8.31328	0.783391
9.19248	1.09719
10.1969	1.12931
11.316	0.963409
12.206	1.01348
13.2157	0.949356
14.1692	1.0874
15.3648	12.9064
-0.108643	1.63698
0.979685	1.67478
14.2321	12.9388
3.12666	1.72869
4.11374	1.60495
5.02048	1.42958
6.29249	1.51408
6.99949	1.22997
7.78672	1.58028
9.07155	1.7877
9.77674	1.90353
10.5865	2.02564
11.9809	1.82482
12.8629	1.81873
13.4792	12.9703
14.7853	1.71101
0.339967	2.76512
1.54202	2.19144
2.57182	2.51985
3.83233	2.30058
4.72865	2.27883
5.67477	2.16391
6.68929	2.32703
7.56975	2.69401
8.62164	2.6884
9.19142	2.88038
10.4727	2.7421
11.3117	2.65944
12.2901	2.64362
13.3026	2.55265
14.4333	2.7231
15.3014	2.47258
-0.0318533	3.26074
1.14578	3.36124
2.31038	3.27157
3.25599	3.49176
4.24763	3.29242
5.50991	3.27036
6.53616	3.26439
7.37777	3.15984
8.18228	3.42926
12.3818	12.9478
10.1154	3.60814
10.8827	3.723
11.8532	3.63449
12.7777	3.56274
13.94	3.22464
15.048	3.35587
0.449041	4.32829
1.62275	4.55919
3.03151	4.18485
3.888	4.03284
4.97487	4.09618
6.05557	4.11254
6.92399	4.11526
7.83543	4.1326
8.77331	4.29665
9.88995	4.67156
11.3883	13.0934
11.4496	4.45341
12.3554	4.84114
13.6493	4.32835
14.3959	4.53785
15.4212	4.34427
0.740222	5.14927
1.50724	5.52574
2.42818	5.06544
3.34907	4.95027
4.61432	4.94403
5.32686	5.03161
6.81838	4.91911
7.8644	5.10406
8.82677	5.05769
9.57649	5.01757
10.5059	5.35643
11.5773	4.95177
11.8653	5.28413
13.0902	5.44627
10.5131	12.8888
9.43172	13.2786
1.06198	5.94604
1.99276	5.88076
3.13045	5.92232
4.01919	5.99411
5.49485	12.6732
4.54266	12.7632
7.21058	5.77316
8.32426	5.82925
9.27735	5.95215
10.1854	5.98652
3.517	12.8346
12.1525	5.85515
12.784	6.52729
13.8611	6.00713
15.183	6.1283
15.8711	5.96666
0.686081	6.98138
1.67001	6.76239
2.42673	6.86067
3.65323	6.74337
4.58401	6.8709
5.81922	6.76312
6.9477	6.48801
7.8964	6.58012
8.66939	6.90121
9.85112	6.97497
10.4874	6.85631
11.651	6.84905
12.5749	7.14439
13.5497	7.1947
14.6676	7.09198
15.5061	6.9793
1.23993	7.90164
2.17824	7.51887
3.04937	7.48255
4.24163	7.60545
5.33899	7.53703
6.35692	7.64644
7.32403	7.43016
2.51559	12.7669
9.13436	7.77506
10.1099	7.73215
11.0049	7.57706
12.1886	7.77046
12.9638	7.72141
14.2482	7.88903
15.0769	7.77697
16.2836	7.79251
0.979281	8.37167
1.65416	12.8717
2.78548	8.6107
3.73396	8.4392
4.70193	8.42969
5.76174	8.44528
6.93979	8.37188
7.68469	8.52518
8.72066	8.55572
9.71537	8.56634
10.5789	8.63936
11.6079	8.69179
14.9703	12.0446
13.6625	8.78978
14.6124	8.63698
15.7093	8.61276
1.47206	9.59621
2.35449	9.21365
3.31273	9.2685
4.30307	9.215
5.5014	9.24411
6.25223	9.26972
7.43279	9.33959
13.9186	12.0083
9.2018	9.61379
12.8513	12.1232
11.0726	9.81073
12.079	9.49323
13.0205	9.47033
11.9648	12.322
15.2334	9.7388
16.3118	9.43823
1.09041	10.4068
2.16806	10.1847
9.78198	12.3715
3.88684	10.0868
4.75373	10.2969
5.78923	10.1641
6.7511	10.0649
7.66076	10.296
8.8041	10.3929
9.69918	10.5925
10.6936	10.4936
11.7872	10.3675
12.7552	10.0751
13.641	10.127
14.9461	10.4327
15.7258	10.478
1.546	11.1494
2.16323	10.9536
3.3522	10.929
4.24485	11.0113
5.33343	10.8415
6.27525	10.9015
7.3256	11.2577
8.20498	11.153
9.30332	11.3516
10.241	11.3815
11.3757	11.3037
12.3655	11.3679
13.3767	11.3267
8.80956	12.397
15.5051	11.0471
16.475	11.1844
1.02849	11.9712
2.09209	12.0702
3.1166	12.0301
3.74643	11.8282
4.77869	11.9439
7.92946	12.1355
