-0.0763713	0.314526
0.824169	0.142277
1.99045	0.223849
2.77608	0.091854
4.01073	-0.0145904
4.84116	-0.423707
5.97	-0.49487
6.81975	-0.311005
7.59252	-0.157685
8.58815	0.270892
9.84794	0.258296
10.6796	0.281885
11.7542	0.258616
12.8019	0.30379
13.7885	0.253655
14.7251	-0.0193724
16.4123	12.906
1.35812	0.810561
2.49571	0.850836
3.67436	0.670678
4.46723	0.761365
5.52511	0.27286
6.34259	0.462967
7.27594	0.505068
8.31495	0.782484
9.18987	1.10801
10.1965	1.14035
11.3154	0.972992
12.2056	1.02034
13.2117	0.957052
14.1655	1.09361
15.4309	12.9126
-0.112943	1.63881
0.975541	1.67192
14.2977	12.9472
3.13558	1.72339
4.12194	1.59407
5.03449	1.40873
6.31783	1.49044
7.00912	1.20578
7.79124	1.56736
9.07509	1.78538
9.77492	1.91378
10.5847	2.03547
11.9786	1.83409
12.8606	1.82709
13.5429	12.9749
14.7813	1.71743
0.340522	2.765
1.56518	2.18459
2.59196	2.52231
3.85524	2.29396
4.7512	2.26088
5.69612	2.13646
6.70962	2.30581
7.58565	2.68325
8.63751	2.69213
9.18997	2.89085
10.4713	2.75199
11.3102	2.66889
12.2886	2.65256
13.3011	2.56056
14.4319	2.73039
15.3007	2.47625
-0.0305091	3.2631
1.17476	3.35634
2.3394	3.26723
3.28487	3.48801
4.28245	3.28074
5.54474	3.25964
6.571	3.25419
7.41185	3.14901
8.20905	3.43934
12.4455	12.9564
10.1145	3.61791
10.8818	3.73268
11.8523	3.64366
12.7767	3.57094
13.9388	3.2322
15.0496	3.3602
0.456549	4.32785
1.61703	4.618
3.06699	4.17536
3.92313	4.02142
5.01003	4.08418
6.0907	4.1025
6.95912	4.10493
7.87041	4.1291
8.80665	4.30222
9.9198	4.68738
11.4517	13.1001
11.4491	4.46279
12.3652	4.86612
13.6526	4.33708
14.4001	4.54356
15.4253	4.34762
0.769228	5.1409
1.49959	5.58432
2.4621	5.05489
3.38629	4.94007
4.65152	4.9329
5.36033	5.02025
6.86806	4.90415
7.91382	5.09061
8.87625	5.04543
9.6143	5.01812
10.5444	5.35528
11.6188	4.95902
11.8625	5.29467
13.1077	5.46195
10.5758	12.8986
9.49695	13.2954
1.09587	5.93567
2.02664	5.87019
3.16459	5.90402
4.05716	5.98342
5.55781	12.6605
4.60646	12.7589
7.25884	5.75886
8.37279	5.81638
9.32455	5.95565
10.225	5.98596
3.58718	12.8327
12.1984	5.85957
12.8139	6.54644
13.888	6.00954
15.2286	6.14165
15.9051	5.96053
0.72424	6.97254
1.70726	6.74951
2.46726	6.84713
3.69416	6.73411
4.62506	6.86076
5.86747	6.75168
6.99517	6.47342
7.94377	6.56659
8.71682	6.8887
9.90003	6.97751
10.5366	6.86038
11.7002	6.8551
12.625	7.14744
13.5942	7.20157
14.7126	7.10501
15.5511	6.99286
1.28831	7.90793
2.2196	7.50321
3.09099	7.47386
4.28337	7.59563
5.38672	7.52528
6.4041	7.63564
7.37046	7.41599
2.58554	12.7686
9.18091	7.76302
10.157	7.73531
11.0529	7.58201
12.2363	7.77742
13.0116	7.73206
14.2956	7.90332
15.1246	7.7936
16.3313	7.80348
1.02968	8.37907
1.7245	12.8766
2.83252	8.6007
3.78058	8.42692
4.74855	8.41714
5.80834	8.43404
6.98728	8.35814
7.73054	8.5112
8.7658	8.56016
9.76103	8.56881
10.6244	8.64332
11.6533	8.69812
15.0378	12.0546
13.7097	8.80398
14.6597	8.65132
15.7609	8.62642
1.52924	9.60086
2.40298	9.20469
3.36135	9.25723
4.35188	9.20721
5.55024	9.23476
6.30117	9.25709
7.48176	9.32657
13.9782	12.0054
9.24929	9.61716
12.912	12.1301
11.1175	9.81683
12.1241	9.49976
13.0657	9.48258
12.0263	12.3321
15.2819	9.75242
16.3681	9.44844
1.15209	10.4135
2.22876	10.1867
9.84136	12.3859
3.9369	10.0796
4.80406	10.2886
5.83938	10.1543
6.80392	10.0555
7.71177	10.2936
8.85448	10.3978
9.74898	10.6
10.7392	10.5018
11.8325	10.3731
12.8006	10.0812
13.6868	10.1275
15.0079	10.4517
15.7879	10.4914
1.61156	11.1537
2.22079	10.9556
3.40966	10.9265
4.2961	11.0036
5.38446	10.8324
6.32637	10.8911
7.37426	11.2545
8.2539	11.1519
9.35089	11.3579
10.2884	11.3906
11.423	11.3104
12.4129	11.3723
13.4299	11.3288
8.86887	12.4087
15.5751	11.0585
16.546	11.1882
1.09401	11.9755
2.15947	12.0735
3.18382	12.0297
3.80276	11.8231
4.83516	11.9376
7.99156	12.138
