-0.0805058	0.317985
0.825627	0.145328
1.99213	0.223562
2.77738	0.0875948
4.00996	-0.0255113
4.83606	-0.441424
5.97596	-0.514248
6.82328	-0.319545
7.59396	-0.15597
8.58372	0.285973
9.84246	0.267784
10.675	0.287719
11.7496	0.265623
12.7974	0.306569
13.7843	0.260484
14.7204	-0.0141385
16.4827	12.9105
1.36295	0.810907
2.50065	0.847913
3.67843	0.662109
4.47181	0.748213
5.52517	0.250037
6.35014	0.442966
7.28314	0.492035
8.31858	0.782506
9.18865	1.12078
10.1979	1.15279
11.3165	0.983485
12.2069	1.02783
13.2087	0.964865
14.1627	1.0998
15.5013	12.9187
-0.115987	1.64061
0.972638	1.66879
14.3681	12.9554
3.1447	1.71739
4.13031	1.58248
5.04856	1.38714
6.34324	1.46619
7.02108	1.1818
7.79792	1.55458
9.07948	1.78482
9.77508	1.92554
10.585	2.04657
11.9782	1.84422
12.8601	1.83595
13.6107	12.9798
14.7786	1.72351
0.342573	2.76473
1.5865	2.1793
2.61125	2.52314
3.87831	2.28619
4.7738	2.24207
5.71743	2.10822
6.72983	2.28404
7.60122	2.67207
8.65283	2.69677
9.19102	2.90315
10.4722	2.76318
11.311	2.67939
12.2894	2.66225
13.3017	2.56878
14.4326	2.73765
15.3014	2.47997
-0.0272482	3.26519
1.20251	3.35317
2.36707	3.26302
3.31283	3.48256
4.31638	3.26819
5.5787	3.24798
6.60496	3.24317
7.44586	3.1379
8.23484	3.44989
12.5132	12.9657
10.1161	3.62957
10.8835	3.74353
11.8538	3.65371
12.7782	3.5796
13.94	3.23989
15.0532	3.36471
0.470256	4.32511
1.60857	4.69272
3.10138	4.16573
3.95718	4.00989
5.04415	4.07147
6.12479	4.09155
6.9932	4.09385
7.90426	4.12553
8.83865	4.30843
9.94828	4.7036
11.5193	13.1082
11.4514	4.47317
12.3771	4.89027
13.6579	4.34584
14.4062	4.54949
15.432	4.35093
0.796332	5.13288
1.47154	5.65646
2.4931	5.04291
3.42238	4.92973
4.6876	4.92102
5.39292	5.00811
6.919	4.88689
7.96456	5.07449
8.92703	5.03039
9.65076	5.01927
10.5817	5.35403
11.6593	4.96631
11.8634	5.30571
13.1266	5.47716
10.6425	12.9101
9.56648	13.3144
1.12796	5.92559
2.05863	5.85874
3.19684	5.88237
4.09453	5.97226
5.62419	12.647
4.67376	12.7538
7.30885	5.74203
8.42272	5.80078
9.37305	5.96044
10.2639	5.98553
3.66122	12.8301
12.2447	5.86306
12.8436	6.5645
13.9162	6.01133
15.2763	6.15535
15.9373	5.95601
0.761923	6.96445
1.74373	6.73612
2.50799	6.83169
3.73544	6.72483
4.66648	6.85041
5.91768	6.73858
7.04438	6.45629
7.99287	6.55052
8.76621	6.87327
9.95095	6.98093
10.5878	6.86514
11.7514	6.86101
12.6776	7.14882
13.6409	7.20778
14.7599	7.11848
15.5985	7.0067
1.33918	7.91394
2.26149	7.48611
3.13313	7.46528
4.32565	7.58567
5.43706	7.51226
6.45324	7.62319
7.41861	7.39928
2.65934	12.7698
9.22988	7.74781
10.2064	7.73926
11.1034	7.58728
12.2865	7.78386
13.0621	7.74238
14.3455	7.91812
15.1747	7.81078
16.3815	7.81457
1.08273	8.38627
1.79871	12.8809
2.88221	8.59
3.82972	8.41323
4.79769	8.40326
5.85746	8.42159
7.03691	8.34203
7.77751	8.49488
8.8114	8.56726
9.8095	8.57236
10.6728	8.64776
11.7016	8.70456
15.1102	12.0644
13.7599	8.81897
14.7098	8.66601
15.8153	8.64038
1.58959	9.60505
2.45458	9.19533
3.41311	9.24486
4.40382	9.19867
5.60223	9.22448
6.35327	9.24285
7.53389	9.3118
14.0412	12.0022
9.30012	9.62185
12.9764	12.1375
11.1657	9.82325
12.1724	9.50623
13.114	9.49584
12.0914	12.3431
15.3334	9.76631
16.4276	9.45862
1.21732	10.42
2.29261	10.1867
9.90455	12.4026
3.99059	10.0719
4.85803	10.2797
5.8931	10.1435
6.86086	10.0452
7.7665	10.2915
8.90842	10.404
9.80196	10.6092
10.7878	10.5118
11.8806	10.3796
12.8488	10.0878
13.7352	10.1285
15.0734	10.4709
15.8536	10.5051
1.68087	11.1576
2.28216	10.9555
3.47095	10.9235
4.35104	10.9954
5.43917	10.8227
6.38119	10.8796
7.42611	11.2514
8.30606	11.1515
9.40143	11.3659
10.3389	11.4016
11.4733	11.3191
12.4634	11.3774
13.4859	11.3314
8.93199	12.4224
15.6494	11.0693
16.6213	11.1913
1.16353	11.9795
2.23068	12.0763
3.25486	12.0286
3.86258	11.8176
4.89515	11.9305
8.05798	12.1413
