-0.083632	0.320917
0.825791	0.147103
1.99248	0.222568
2.77799	0.0826275
4.00931	-0.0360006
4.83146	-0.457727
5.98401	-0.529675
6.82874	-0.324022
7.59727	-0.150649
8.58167	0.303136
9.83767	0.278384
10.6714	0.294539
11.746	0.273967
12.794	0.310444
13.781	0.267915
14.7165	-0.00883875
16.5573	12.9148
1.36665	0.809808
2.50444	0.844098
3.68143	0.653369
4.47521	0.73574
5.52474	0.229548
6.35959	0.426989
7.29219	0.483122
8.32401	0.786189
9.18961	1.13575
10.2012	1.16667
11.3197	0.995831
12.2101	1.03713
13.2071	0.973607
14.1613	1.10637
15.5759	12.9253
-0.117773	1.64352
0.971002	1.66524
14.4438	12.9637
3.15212	1.71087
4.1371	1.57139
5.06118	1.36623
6.3674	1.44373
7.03548	1.16129
7.80655	1.54586
9.08363	1.78948
9.77793	1.93914
10.5879	2.0594
11.9804	1.85597
12.8623	1.84618
13.6831	12.9859
14.7772	1.73019
0.347452	2.7649
1.60092	2.18466
2.62766	2.5225
3.89951	2.27812
4.79443	2.22369
5.73676	2.08103
6.74781	2.26447
7.61396	2.66407
8.66505	2.70516
9.19482	2.91731
10.4758	2.77612
11.3146	2.69153
12.2929	2.67346
13.3051	2.57826
14.4362	2.74603
15.3047	2.48538
-0.0217337	3.2691
1.22613	3.3615
2.39002	3.26297
3.33726	3.47601
4.34798	3.25541
5.61033	3.23751
6.63659	3.23421
7.47618	3.12887
8.25597	3.46316
12.5855	12.9765
10.1205	3.64289
10.888	3.75607
11.8583	3.66534
12.7825	3.58958
13.944	3.24875
15.059	3.37084
0.489497	4.32247
1.62228	4.7068
3.13292	4.15862
3.98816	3.9997
5.07524	4.05914
6.15582	4.08225
7.02424	4.08517
7.93501	4.12432
8.86761	4.31614
9.97409	4.72004
11.5914	13.1175
11.4567	4.48518
12.3906	4.91408
13.6654	4.35558
14.4144	4.55688
15.4407	4.35595
0.815649	5.13021
1.47835	5.66953
2.51689	5.03037
3.45666	4.92146
4.72187	4.91001
5.4214	4.99676
6.96994	4.86754
8.01543	5.05554
8.97793	5.01204
9.68532	5.02055
10.6174	5.352
11.6988	4.97498
11.8679	5.31808
13.1465	5.49268
10.7139	12.9227
9.64097	13.3353
1.15344	5.92032
2.08361	5.84683
3.22204	5.8535
4.13107	5.96253
5.69566	12.6343
4.74608	12.7486
7.35958	5.72277
8.47316	5.78212
9.42435	5.96649
10.3019	5.98463
3.73821	12.8269
12.2928	5.86611
12.8736	6.58258
13.9455	6.01285
15.3276	6.16778
15.9631	5.96023
0.796985	6.96251
1.77665	6.72515
2.54742	6.81298
3.77576	6.7169
4.707	6.84107
5.96937	6.72483
7.09463	6.43686
8.04306	6.53172
8.81812	6.85414
10.0056	6.9851
10.6426	6.87061
11.8062	6.86738
12.7344	7.14891
13.6912	7.21395
14.8106	7.13065
15.6493	7.0193
1.39386	7.91865
2.30276	7.4693
3.17458	7.45826
4.36728	7.57685
5.4888	7.49854
6.50423	7.60987
7.46824	7.3801
2.73614	12.7699
9.28304	7.72802
10.2594	7.74395
11.1576	7.59316
12.3407	7.79065
13.1164	7.75288
14.3993	7.93189
15.2289	7.82646
16.4356	7.82396
1.13959	8.39215
1.87588	12.8839
2.93402	8.58036
3.88069	8.39915
4.84866	8.38898
5.90841	8.40823
7.08904	8.32386
7.82655	8.47589
8.85806	8.57667
9.86187	8.57672
10.7251	8.65283
11.7538	8.71155
15.1866	12.0733
13.814	8.83291
14.7639	8.67966
15.8737	8.65271
1.6536	9.60794
2.50923	9.18769
3.46798	9.23272
4.45882	9.18938
5.65727	9.21302
6.4084	9.22695
7.5891	9.29462
14.1085	11.9995
9.35498	9.62741
13.0452	12.1463
11.2181	9.83031
12.2247	9.51316
13.1664	9.50807
12.1611	12.3557
15.3891	9.77907
16.4908	9.46739
1.28612	10.425
2.35977	10.1843
9.97203	12.4209
4.04798	10.0637
4.91576	10.2702
5.95047	10.1313
6.92206	10.0334
7.82515	10.289
8.9661	10.411
9.85855	10.6197
10.8401	10.5236
11.9325	10.3873
12.9006	10.0953
13.7872	10.1301
15.1425	10.4885
15.9229	10.5172
1.75306	11.1605
2.34701	10.9531
3.53577	10.9198
4.40994	10.9867
5.49778	10.8122
6.43996	10.8664
7.48148	11.2477
8.36176	11.1508
9.45522	11.3749
10.3925	11.414
11.5268	11.3298
12.5172	11.384
13.5461	11.3346
8.99941	12.4373
15.7268	11.0788
16.6996	11.1932
1.23666	11.983
2.30519	12.0778
3.32921	12.0267
3.92831	11.8123
4.96106	11.9235
8.12926	12.1444
