-0.0865905	0.324266
0.827084	0.149268
1.994	0.2211
2.77955	0.0769803
4.00917	-0.0478326
4.82656	-0.476342
5.99445	-0.54681
6.83623	-0.329336
7.60227	-0.145279
8.58037	0.321914
9.8329	0.289767
10.6679	0.301776
11.7426	0.282769
12.7907	0.314324
13.7779	0.27604
14.7127	-0.00297232
16.6359	12.9196
1.37161	0.808967
2.5095	0.839698
3.6856	0.643573
4.47982	0.72167
5.52472	0.20598
6.37145	0.409296
7.30357	0.47288
8.33121	0.789846
9.19154	1.15217
10.2059	1.18217
11.3239	1.00913
12.2146	1.04713
13.2057	0.983119
14.1603	1.11357
15.6545	12.9325
-0.119184	1.64663
0.96971	1.66148
14.5226	12.9736
3.16115	1.7035
4.14538	1.55879
5.07508	1.3434
6.39351	1.41938
7.052	1.13929
7.81681	1.53617
9.08866	1.79477
9.78172	1.95419
10.5919	2.07357
11.9833	1.86892
12.8652	1.85738
13.7592	12.9922
14.7762	1.73738
0.353111	2.76506
1.61812	2.18715
2.64613	2.52114
3.92263	2.26906
4.8168	2.20345
5.75768	2.0515
6.7672	2.24321
7.62763	2.65495
8.67788	2.71398
9.19971	2.93301
10.4805	2.79041
11.3192	2.70492
12.2975	2.68579
13.3095	2.58858
14.4408	2.75509
15.3086	2.49111
-0.0150461	3.27301
1.25206	3.36674
2.41533	3.26118
3.36383	3.46857
4.38121	3.24166
5.6436	3.22602
6.66987	3.22442
7.50869	3.1194
8.2781	3.47692
12.6616	12.9879
10.1261	3.65766
10.8938	3.76992
11.864	3.67813
12.788	3.60048
13.9492	3.25836
15.066	3.37743
0.511875	4.31862
1.64249	4.70931
3.16597	4.15035
4.02067	3.98854
5.10787	4.04594
6.18838	4.07205
7.05679	4.07571
7.96719	4.12279
8.89779	4.32408
10.0008	4.73746
11.6672	13.1274
11.4632	4.49841
12.4057	4.93848
13.6744	4.36614
14.424	4.56487
15.4513	4.36119
0.839695	5.12569
1.49683	5.67178
2.5427	5.01694
3.4923	4.91209
4.75748	4.89805
5.45142	4.98452
7.02412	4.84733
8.06944	5.03629
9.03198	4.99369
9.72106	5.02198
10.6543	5.35024
11.7396	4.98454
11.8746	5.33128
13.1679	5.50882
10.7889	12.9363
9.7195	13.3578
1.18272	5.91354
2.11247	5.83501
3.2509	5.82682
4.16884	5.95178
5.77015	12.6199
4.82166	12.7429
7.41299	5.70291
8.52649	5.76331
9.47698	5.97243
10.341	5.98394
3.81973	12.8232
12.3421	5.86994
12.9043	6.60103
13.9752	6.01586
15.3796	6.18239
15.9928	5.96175
0.834674	6.95857
1.81239	6.71333
2.58886	6.79502
3.81789	6.70818
4.74934	6.83071
6.02353	6.71022
7.14736	6.41674
8.0957	6.51251
8.87208	6.83512
10.0614	6.98922
10.6987	6.87641
11.8623	6.87451
12.7924	7.1497
13.7423	7.2213
14.8623	7.14508
15.701	7.03401
1.44942	7.92456
2.34612	7.45205
3.21801	7.4506
4.41092	7.56709
5.54288	7.48388
6.55744	7.59583
7.52006	7.36034
2.81744	12.7701
9.33754	7.70872
10.3132	7.74874
11.2129	7.59955
12.3957	7.79839
13.1717	7.76454
14.454	7.94784
15.2838	7.84497
16.4906	7.83551
1.19766	8.39941
1.95763	12.8875
2.9879	8.56966
3.93374	8.38419
4.9017	8.37357
5.96144	8.39406
7.14317	8.30502
7.87724	8.4565
8.90549	8.58629
9.91468	8.58102
10.7778	8.65818
11.8064	8.71938
15.2666	12.0842
13.8689	8.84902
14.8187	8.69552
15.9334	8.66749
1.71982	9.61171
2.56585	9.1789
3.52479	9.21962
4.51576	9.17936
5.71426	9.20095
6.46546	9.21031
7.64621	9.27707
14.1787	11.9955
9.41066	9.6331
13.1173	12.1557
11.271	9.83831
12.2775	9.52084
13.2192	9.52222
12.2343	12.3692
15.4451	9.79423
16.5561	9.4779
1.35784	10.4313
2.42985	10.1834
10.0429	12.4407
4.10718	10.0548
4.97527	10.2599
6.00966	10.1185
6.98534	10.0214
7.88565	10.2866
9.02549	10.4185
9.91652	10.6309
10.8932	10.5359
11.9851	10.3957
12.9531	10.1033
13.84	10.1312
15.2147	10.509
15.9953	10.5315
1.8292	11.1639
2.41459	10.9521
3.60326	10.9158
4.47057	10.9771
5.55815	10.801
6.50046	10.8528
7.53828	11.244
8.41894	11.1505
9.51031	11.3846
10.4475	11.4273
11.5816	11.3408
12.5721	11.3911
13.6082	11.3376
9.07025	12.4536
15.808	11.0903
16.7818	11.1961
1.3137	11.987
2.38381	12.0797
3.40763	12.0247
3.99615	11.8061
5.02905	11.9159
8.20444	12.1481
