-0.0896933	0.327593
0.828629	0.151451
1.99578	0.219379
2.78153	0.0709222
4.00922	-0.0601493
4.82151	-0.495755
6.00619	-0.563903
6.84475	-0.33435
7.60803	-0.139158
8.57946	0.341764
9.8279	0.301697
10.6644	0.309332
11.7391	0.292061
12.7874	0.318425
13.7747	0.284568
14.7088	0.00309761
16.7183	12.9246
1.37699	0.807963
2.51499	0.834872
3.69018	0.633352
4.48481	0.707168
5.52467	0.181411
6.38462	0.391634
7.3162	0.462669
8.33923	0.794202
9.19395	1.16956
10.211	1.19875
11.3287	1.02313
12.2195	1.05767
13.2043	0.993153
14.1593	1.12109
15.737	12.94
-0.12059	1.64982
0.968382	1.65728
14.605	12.9842
3.1706	1.69567
4.15404	1.54575
5.08974	1.31949
6.42093	1.39415
7.07024	1.11686
7.82829	1.5265
9.0937	1.80137
9.78594	1.97025
10.5962	2.08867
11.9866	1.88266
12.8685	1.86921
13.8391	12.9989
14.7752	1.74488
0.359284	2.76501
1.63655	2.18938
2.66576	2.51964
3.94702	2.25965
4.84023	2.18212
5.77952	2.02061
6.78729	2.22126
7.64154	2.6457
8.69053	2.72394
9.20525	2.94986
10.4857	2.80564
11.3243	2.71915
12.3026	2.69884
13.3144	2.59944
14.4458	2.76457
15.3129	2.49708
-0.007771	3.27703
1.27941	3.3717
2.44201	3.25895
3.3917	3.46077
4.41604	3.22726
5.67845	3.2142
6.70473	3.21458
7.54308	3.11016
8.30072	3.49202
12.7415	13.0001
10.1323	3.67365
10.9002	3.78466
11.8703	3.69171
12.7941	3.61198
13.9549	3.26844
15.0737	3.3843
0.535223	4.31439
1.66745	4.70039
3.2005	4.14144
4.05463	3.97665
5.14192	4.03223
6.22234	4.06169
7.09075	4.06627
8.0007	4.12148
8.92909	4.33275
10.0284	4.75573
11.7469	13.1379
11.4705	4.51246
12.4219	4.96358
13.6841	4.37721
14.4344	4.57322
15.4626	4.3666
0.865562	5.12044
1.5253	5.66338
2.56955	5.00245
3.52948	4.90204
4.79463	4.8856
5.48256	4.97187
7.08112	4.82613
8.12619	5.01639
9.08877	4.97474
9.75821	5.02369
10.6926	5.34861
11.7819	4.99498
11.8825	5.34501
13.1903	5.52544
10.8678	12.9506
9.80205	13.3813
1.21386	5.90598
2.14319	5.82255
3.28141	5.79933
4.20799	5.94044
5.84848	12.6051
4.90123	12.7373
7.46895	5.68218
8.58253	5.74386
9.53211	5.97857
10.3816	5.98343
3.90552	12.8194
12.3935	5.87412
12.9361	6.61987
14.0056	6.01959
15.4338	6.19811
16.0243	5.96262
0.874385	6.95382
1.85006	6.70058
2.6322	6.77619
3.86189	6.69908
4.79356	6.81992
6.08026	6.69503
7.20255	6.39572
8.15079	6.49251
8.92894	6.81541
10.1197	6.99349
10.7574	6.88256
11.921	6.88215
12.8531	7.15058
13.7955	7.22922
14.916	7.16055
15.7548	7.0499
1.50739	7.93086
2.39152	7.43366
3.26336	7.44259
4.45648	7.55691
5.59932	7.4685
6.61312	7.58127
7.57424	7.33972
2.90303	12.7703
9.39503	7.68866
10.3694	7.75375
11.2707	7.60636
12.4533	7.8067
13.2294	7.77713
14.511	7.96499
15.3412	7.86497
16.5479	7.84791
1.25842	8.40718
2.0437	12.8911
3.04411	8.55846
3.98905	8.36846
4.95701	8.35738
6.01673	8.37922
7.19979	8.28537
7.93001	8.43634
8.95392	8.59688
9.96971	8.58549
10.8328	8.66381
11.8611	8.7278
15.3503	12.0958
13.926	8.86623
14.8758	8.71262
15.996	8.68338
1.78935	9.61567
2.62499	9.16971
3.58411	9.20584
4.57522	9.16887
5.77375	9.18835
6.52499	9.19284
7.70579	9.25879
14.2523	11.9911
9.46869	9.639
13.1931	12.1656
11.3262	9.84694
12.3325	9.52908
13.2743	9.53737
12.3111	12.3835
15.5034	9.81068
16.6246	9.48913
1.43331	10.4378
2.5035	10.1821
10.1175	12.4614
4.16905	10.0454
5.03746	10.2491
6.07148	10.1052
7.05153	10.009
7.94885	10.2841
9.08744	10.4263
9.97693	10.6427
10.9486	10.549
12.0399	10.4048
13.0078	10.112
13.8949	10.1325
15.2907	10.531
16.0715	10.5468
1.90927	11.1675
2.48547	10.9508
3.67404	10.9115
4.53388	10.9672
5.62117	10.7893
6.56362	10.8386
7.59752	11.2401
8.47856	11.1502
9.56765	11.3947
10.5046	11.4412
11.6386	11.3524
12.6293	11.3987
13.6732	11.3408
9.1448	12.4706
15.8932	11.1028
16.8679	11.1994
1.3945	11.991
2.46661	12.0816
3.49019	12.0225
4.06755	11.7999
5.10059	11.9083
8.2838	12.1518
