0.0354978	0.305873
0.865387	0.132832
2.03023	0.232741
2.80685	0.165173
4.05772	0.149366
4.94311	-0.161641
6.00761	-0.162861
6.87701	-0.162234
7.66474	-0.174816
8.72758	0.0379275
9.9685	0.0979827
10.8003	0.176272
11.8751	0.1614
12.9184	0.26635
13.9031	0.186735
14.8473	-0.0585563
15.3659	12.88
1.33903	0.845128
2.47582	0.90345
3.66395	0.803359
4.44624	0.960991
5.55405	0.599771
6.34029	0.809568
7.27077	0.725018
8.34376	0.797174
9.26987	0.914687
10.2567	0.95961
11.3817	0.839219
12.268	0.934149
13.3058	0.872804
14.255	1.03743
14.3847	12.8576
-0.0401815	1.66589
1.04619	1.74098
13.2533	12.8573
3.05523	1.81724
4.04891	1.77016
4.84479	1.72387
5.96389	1.84648
6.93398	1.61179
7.7766	1.79185
9.02216	1.85708
9.83629	1.73366
10.6427	1.87623
12.0505	1.70793
12.9321	1.73343
12.5284	12.9101
14.851	1.68026
0.369446	2.80874
1.34422	2.15057
2.36818	2.49676
3.55106	2.42344
4.44174	2.52636
5.39474	2.53924
6.4184	2.62863
7.348	2.84247
8.37848	2.63126
9.22938	2.69725
10.5108	2.58958
11.3516	2.52821
12.3301	2.53728
13.3453	2.48262
14.4712	2.68222
15.3414	2.48625
-0.0340206	3.29996
0.793868	3.25626
1.96187	3.26667
2.88517	3.56699
3.76957	3.47627
5.0319	3.4595
6.05813	3.45999
6.9477	3.39144
7.7852	3.2557
11.4338	12.8288
10.1304	3.45324
10.8957	3.58057
11.8681	3.51669
12.7946	3.47891
13.9651	3.17081
15.0419	3.35501
0.43631	4.37219
1.61814	4.1873
2.5371	4.27819
3.40172	4.18265
4.48507	4.29049
5.56586	4.30144
6.43415	4.3161
7.33924	4.20746
8.2908	4.17551
9.46102	4.30976
10.4391	12.9657
11.444	4.32511
12.2424	4.52056
13.6086	4.25505
14.3414	4.509
15.3626	4.36165
0.100848	5.17608
0.876577	4.8179
1.86364	5.1064
2.80379	5.06277
4.0681	5.11208
4.84175	5.22415
5.95589	5.09749
7.00548	5.26107
7.96668	5.19482
9.02212	4.96921
9.93559	5.34906
10.973	4.86402
11.9423	5.10908
12.8531	5.25079
9.57889	12.7052
8.46648	12.9948
0.427359	5.97088
1.35588	5.87877
2.4917	5.95608
3.42742	6.135
4.53914	12.8687
3.58293	12.8493
6.3656	5.94328
7.4801	5.97653
8.59228	5.85135
9.5873	5.96427
2.47676	12.8847
11.4887	5.80261
12.3051	6.23167
13.4133	6.02213
14.4962	5.98885
15.2363	5.96964
0.0295799	6.99802
1.01793	6.79995
1.75881	6.87184
2.99062	6.84527
3.91411	7.01782
4.98414	6.91811
6.11739	6.66336
7.06778	6.73605
7.90466	7.01959
9.12145	6.89794
9.75632	6.77195
10.9199	6.75954
11.8212	7.11791
12.8684	7.1223
13.9778	6.95096
14.8166	6.84084
0.49576	7.865
1.48025	7.58531
2.35158	7.55428
3.53646	7.73488
4.51672	7.69984
5.54072	7.78964
6.51293	7.59762
1.47849	12.7806
8.43395	7.85605
9.38893	7.65211
10.277	7.49037
11.4616	7.67855
12.233	7.58813
13.5208	7.72707
14.3473	7.59978
15.5504	7.69365
0.207644	8.31871
0.613807	12.8538
1.98067	8.73321
2.93188	8.57757
3.89947	8.60632
4.95934	8.59857
6.12745	8.53884
6.89738	8.68452
7.91178	8.47206
8.99832	8.48819
9.86217	8.55709
10.8917	8.59864
13.9631	11.9405
12.92	8.61786
13.8724	8.48105
14.9241	8.47487
0.607005	9.57683
1.53968	9.32889
2.49687	9.39971
3.48673	9.33789
4.68473	9.37781
5.43404	9.43217
6.6153	9.48897
13.0202	12.0211
8.43518	9.50988
11.9468	12.0306
10.3451	9.7121
11.3548	9.40476
12.2919	9.31118
11.051	12.1816
14.4533	9.60447
15.4615	9.34413
0.165497	10.3564
1.25676	10.2157
8.89803	12.1234
3.07776	10.2131
3.94197	10.4341
4.97682	10.2964
5.90364	10.1849
6.83743	10.279
7.98476	10.2598
8.90512	10.4215
9.9575	10.3249
11.057	10.2723
12.028	9.99002
12.9079	10.105
14.0264	10.2223
14.7989	10.3369
0.567982	11.1291
1.27277	10.9844
2.46191	10.9979
3.42413	11.142
4.51476	10.986
5.45711	11.0375
6.54478	11.2546
7.41869	11.1113
8.53188	11.1921
9.47001	11.1942
10.607	11.1614
11.5894	11.2979
12.5585	11.2827
7.92678	12.1772
14.4665	10.9268
15.418	11.1597
0.0547265	11.9535
1.0807	12.0689
2.10598	12.0662
2.88016	11.9346
3.91099	12.0623
7.01758	12.0495
