-0.0926013	0.331298
0.830397	0.154018
1.99776	0.218269
2.78371	0.065254
4.00951	-0.0722751
4.81645	-0.515005
6.01856	-0.580408
6.85377	-0.338955
7.61426	-0.133138
8.57887	0.361326
9.82299	0.313286
10.661	0.316437
11.7358	0.301132
12.7842	0.32215
13.7717	0.293008
14.7051	0.00930061
16.8056	12.9298
1.38276	0.807172
2.52083	0.830476
3.69504	0.623317
4.49007	0.692744
5.52473	0.156804
6.39835	0.374589
7.32935	0.452806
8.34769	0.798467
9.19666	1.18666
10.2168	1.21488
11.3341	1.03702
12.225	1.068
13.203	1.00296
14.1583	1.12861
15.8243	12.9475
-0.121929	1.65357
0.967071	1.65305
14.6927	12.9943
3.18057	1.68812
4.16318	1.53284
5.10445	1.29559
6.44887	1.36918
7.089	1.09503
7.8401	1.51729
9.0983	1.80851
9.7907	1.98583
10.6011	2.1034
11.9904	1.89625
12.8723	1.88094
13.9236	13.0053
14.7742	1.75237
0.36611	2.76522
1.65528	2.19297
2.68605	2.51832
3.97189	2.25051
4.86396	2.16078
5.80151	1.98948
6.80733	2.19975
7.6552	2.63679
8.70257	2.73429
9.21103	2.96605
10.4914	2.82049
11.3298	2.73311
12.3081	2.71177
13.3197	2.61023
14.4513	2.77413
15.3178	2.50379
-0.000502425	3.28216
1.30712	3.37797
2.46897	3.2578
3.42	3.45321
4.45174	3.2128
5.71418	3.20229
6.74045	3.20492
7.57853	3.10124
8.32329	3.50763
12.826	13.0121
10.1389	3.68883
10.9069	3.79906
11.8769	3.70509
12.8005	3.62333
13.9609	3.27854
15.0813	3.39173
0.559095	4.31067
1.69346	4.69033
3.23589	4.13297
4.08941	3.96507
5.17682	4.0185
6.25714	4.0515
7.12554	4.05704
8.03495	4.12057
8.96116	4.34118
10.0571	4.7728
11.8311	13.148
11.4779	4.52626
12.4377	4.98837
13.6934	4.38811
14.4443	4.58189
15.4732	4.37285
0.892573	5.11542
1.55589	5.65399
2.59699	4.9881
3.56764	4.89237
4.83275	4.87318
5.51437	4.95925
7.14055	4.80352
8.18538	4.99515
9.14801	4.95469
9.79603	5.02518
10.7317	5.34643
11.825	5.00553
11.8906	5.35851
13.2123	5.54171
10.9512	12.9645
9.88942	13.4049
1.24606	5.89864
2.17495	5.81042
3.31275	5.7718
4.24842	5.92929
5.93122	12.5904
4.98532	12.732
7.5273	5.66006
8.64078	5.72316
9.59046	5.98469
10.4232	5.98247
3.99593	12.8159
12.4469	5.87739
12.968	6.63839
14.0355	6.0226
15.4917	6.21503
16.0571	5.96396
0.915441	6.94931
1.88895	6.68785
2.67684	6.75736
3.9071	6.69009
4.83902	6.80902
6.13946	6.67911
7.25999	6.37327
8.2081	6.47127
8.98904	6.7941
10.1816	6.99757
10.8197	6.88868
11.9833	6.88947
12.9176	7.14983
13.8521	7.23655
14.9731	7.17702
15.812	7.06709
1.56883	7.93795
2.43844	7.41493
3.3101	7.43483
4.50346	7.54671
5.65835	7.45247
6.67108	7.5661
7.63047	7.31774
2.99325	12.7709
9.45663	7.66656
10.4288	7.75862
11.3322	7.61301
12.5145	7.81457
13.2908	7.78944
14.5716	7.98319
15.4021	7.88647
16.6087	7.86149
1.32276	8.41577
2.13442	12.8952
3.10284	8.54708
4.04675	8.35201
5.0147	8.34038
6.07439	8.36382
7.25871	8.26445
7.98457	8.4149
9.00265	8.60902
10.0282	8.58991
10.8912	8.66919
11.9193	8.73616
15.4395	12.1072
13.9867	8.88452
14.9365	8.73077
16.0623	8.70057
1.86294	9.62015
2.687	9.16056
3.6463	9.19155
4.63754	9.15834
5.83611	9.17554
6.58736	9.17447
7.76822	9.23946
14.3299	11.9859
9.53009	9.64479
13.2733	12.1753
11.3847	9.85545
12.391	9.53731
13.3326	9.55338
12.3925	12.3977
15.5646	9.82853
16.6973	9.50132
1.51323	10.445
2.58141	10.1811
10.1965	12.4822
4.23441	10.0363
5.10314	10.2386
6.13672	10.0914
7.1215	9.99613
8.01566	10.2814
9.1529	10.434
10.0406	10.6545
11.0072	10.562
12.098	10.4139
13.0658	10.1207
13.953	10.1335
15.3714	10.5543
16.1523	10.5632
1.99426	11.1714
2.56045	10.9497
3.74893	10.9078
4.60073	10.9575
5.68774	10.7779
6.63035	10.8238
7.66013	11.2358
8.54156	11.1498
9.62824	11.4048
10.565	11.4552
11.6988	11.3641
12.6897	11.4065
13.7419	11.3437
9.22374	12.4878
15.9841	11.1151
16.9598	11.2021
1.48021	11.9953
2.55406	12.084
3.5774	12.0207
4.14326	11.7942
5.17646	11.9011
8.36792	12.1553
