-0.0955333	0.335119
0.832612	0.156744
2.00019	0.216997
2.78641	0.0592819
4.01022	-0.0847757
4.81149	-0.534948
6.03223	-0.596551
6.86389	-0.343149
7.62145	-0.126785
8.57896	0.38129
9.81796	0.324838
10.6577	0.323374
11.7325	0.310381
12.781	0.325908
13.7687	0.301904
14.7013	0.0158023
16.8973	12.9352
1.3891	0.806386
2.52725	0.825773
3.70044	0.612915
4.49584	0.678067
5.52488	0.131429
6.41331	0.357929
7.3437	0.443111
8.35706	0.803099
9.20003	1.20417
10.2233	1.23171
11.3402	1.05129
12.2312	1.07869
13.2018	1.01332
14.1574	1.13652
15.9161	12.9554
-0.123342	1.65745
0.965625	1.64839
14.7845	13.0052
3.19115	1.6802
4.17292	1.5197
5.11995	1.27084
6.47815	1.34336
7.10976	1.07277
7.85334	1.50812
9.10289	1.81668
9.79592	2.00196
10.6064	2.11871
11.9946	1.91052
12.8764	1.89328
14.0125	13.0119
14.7732	1.76038
0.373397	2.76524
1.6755	2.19648
2.7078	2.51696
3.99825	2.24125
4.88892	2.1386
5.82454	1.95708
6.82818	2.17752
7.66913	2.62773
8.71442	2.74554
9.21747	2.98289
10.4974	2.83591
11.3358	2.74768
12.3141	2.72534
13.3254	2.62158
14.4572	2.78429
15.3231	2.51078
0.00737051	3.2874
1.33646	3.38411
2.49749	3.25625
3.44976	3.44551
4.4892	3.19792
5.75167	3.19045
6.77794	3.19528
7.6164	3.09268
8.34674	3.52446
12.915	13.0245
10.1458	3.7051
10.9139	3.81406
11.8838	3.7191
12.8073	3.63522
13.9673	3.28922
15.0895	3.3995
0.583751	4.3066
1.72039	4.6794
3.27304	4.12379
4.12597	3.9529
5.21347	4.00435
6.29366	4.0413
7.16206	4.04784
8.07082	4.12012
8.99474	4.35015
10.0872	4.79058
11.9198	13.1582
11.4857	4.54068
12.4547	5.01412
13.7035	4.39966
14.455	4.59098
15.4847	4.3793
0.921486	5.10958
1.58829	5.64383
2.62549	4.97238
3.60746	4.88202
4.87252	4.86027
5.54758	4.94633
7.20209	4.77989
8.24667	4.97282
9.20936	4.93361
9.83575	5.02659
10.7727	5.3441
11.8702	5.0169
11.8996	5.3723
13.2355	5.55865
11.0391	12.9784
9.98156	13.4289
1.28049	5.8903
2.20893	5.79749
3.3461	5.74339
4.29032	5.91757
6.01847	12.5754
5.0741	12.7268
7.58776	5.63691
8.70112	5.70142
9.65207	5.99052
10.4667	5.98137
4.0912	12.8123
12.5032	5.88076
13.0007	6.65739
14.0661	6.02653
15.5522	6.23318
16.0921	5.96437
0.958817	6.94374
1.93007	6.67401
2.72365	6.73751
3.95445	6.68078
4.88661	6.79778
6.20095	6.66263
7.31954	6.34977
8.26752	6.44899
9.0522	6.77145
10.2467	7.00136
10.8851	6.89474
12.0487	6.89702
12.9854	7.14886
13.9112	7.24443
15.0327	7.19465
15.8716	7.08557
1.63314	7.9455
2.48769	7.39487
3.35901	7.42676
4.55259	7.53616
5.71961	7.43586
6.73132	7.55037
7.6888	7.29472
3.08834	12.7716
9.52217	7.64262
10.4912	7.76328
11.3967	7.61973
12.5788	7.8228
13.3552	7.80272
14.635	8.00276
15.466	7.90977
16.6723	7.87592
1.39033	8.42499
2.23004	12.8995
3.16391	8.53551
4.10667	8.33499
5.07462	8.32279
6.13427	8.34782
7.31997	8.24257
8.04126	8.39241
9.05184	8.62234
10.0895	8.59402
10.9523	8.67449
11.9803	8.74477
15.5331	12.1196
14.0501	8.90406
14.9999	8.75036
16.1322	8.71899
1.94049	9.62484
2.75163	9.15139
3.7111	9.17683
4.70245	9.14736
5.90106	9.16213
6.65228	9.15528
7.8332	9.2191
14.4115	11.9798
9.59434	9.6503
13.3579	12.1853
11.4459	9.8642
12.4521	9.54581
13.3935	9.57048
12.4782	12.4123
15.6283	9.84797
16.7739	9.51437
1.59763	10.4526
2.66356	10.1797
10.2798	12.5033
4.30272	10.0268
5.17179	10.2277
6.20484	10.077
7.19454	9.98259
8.08539	10.278
9.22113	10.4414
10.1071	10.6662
11.0684	10.5751
12.1587	10.4233
13.1264	10.1298
14.0137	10.1341
15.4568	10.5792
16.2377	10.5807
2.0838	11.1755
2.63913	10.9482
3.82753	10.904
4.67058	10.9475
5.75729	10.766
6.70007	10.8083
7.72556	11.2308
8.60737	11.1488
9.69147	11.4146
10.628	11.4692
11.7616	11.3758
12.7527	11.4145
13.8141	11.3463
9.30708	12.5049
16.0797	11.1286
17.0562	11.2054
1.57046	11.9999
2.64623	12.0865
3.6693	12.0189
4.22322	11.7885
5.25657	11.894
8.45698	12.1581
