-0.0981551	0.33925
0.835147	0.159756
2.00292	0.215999
2.78959	0.0534551
4.01131	-0.0970723
4.80664	-0.55467
6.04662	-0.611781
6.87483	-0.347298
7.62921	-0.120087
8.57977	0.400884
9.81323	0.335789
10.6548	0.329575
11.7296	0.319326
12.7782	0.329246
13.766	0.310822
14.6979	0.0224625
16.9944	12.9408
1.3959	0.805725
2.53411	0.821181
3.70627	0.602701
4.502	0.663713
5.52517	0.106164
6.42911	0.342135
7.35888	0.433803
8.36708	0.80801
9.20413	1.22127
10.2307	1.24831
11.3472	1.06539
12.2383	1.08918
13.2009	1.02361
14.1567	1.14449
16.0132	12.9635
-0.124595	1.66183
0.96426	1.64358
14.8819	13.0158
3.2021	1.67242
4.18303	1.50685
5.13576	1.24616
6.50792	1.31795
7.13139	1.05124
7.86735	1.49937
9.10726	1.82572
9.80182	2.01773
10.6124	2.13377
11.9994	1.92479
12.8811	1.90565
14.1066	13.0181
14.7724	1.76854
0.381484	2.76538
1.69645	2.20115
2.73052	2.51586
4.02518	2.23228
4.91422	2.11639
5.8478	1.92468
6.84904	2.15579
7.68293	2.61895
8.72569	2.75743
9.2244	2.99927
10.5041	2.85107
11.3424	2.7621
12.3206	2.73892
13.3317	2.63299
14.4637	2.79467
15.329	2.51846
0.015503	3.29362
1.36658	3.39136
2.5267	3.25546
3.48026	3.43815
4.52772	3.18291
5.7902	3.1786
6.81646	3.18597
7.65575	3.08479
8.37039	3.54208
13.0091	13.0366
10.1531	3.72099
10.9214	3.82885
11.8912	3.73305
12.8145	3.64709
13.9742	3.30004
15.098	3.40782
0.608915	4.30301
1.74786	4.66874
3.31119	4.11492
4.16346	3.94075
5.25106	3.99017
6.3311	4.03137
7.19949	4.03903
8.10754	4.1197
9.02902	4.35932
10.1183	4.80749
12.0136	13.1677
11.4939	4.55498
12.4717	5.03959
13.7135	4.41123
14.4656	4.60042
15.4959	4.38652
0.951808	5.10381
1.62185	5.63398
2.65462	4.95655
3.64852	4.87186
4.91354	4.84745
5.58147	4.93346
7.26609	4.75481
8.3104	4.94918
9.27314	4.91131
9.87634	5.02784
10.8147	5.34121
11.9164	5.02863
11.9091	5.3859
13.2585	5.57537
11.1321	12.9918
10.0791	13.4526
1.31642	5.88192
2.24442	5.78484
3.38074	5.7151
4.33357	5.90597
6.11075	12.5607
5.16804	12.7221
7.65051	5.6124
8.76385	5.67841
9.71713	5.99612
10.5115	5.97982
4.19162	12.809
12.5618	5.8833
13.0331	6.67608
14.0962	6.03046
15.6166	6.25272
16.1287	5.96503
1.00402	6.93815
1.97286	6.6599
2.77204	6.71769
4.00328	6.67162
4.93571	6.78649
6.26494	6.64548
7.38134	6.3249
8.32919	6.42537
9.1191	6.74706
10.3156	7.0047
10.9544	6.9006
12.118	6.90425
13.0572	7.14628
13.9735	7.25204
15.0954	7.21332
15.9346	7.10563
1.70108	7.95368
2.5388	7.37426
3.40955	7.41896
4.60338	7.52563
5.78333	7.41854
6.79404	7.53398
7.74935	7.27034
3.18859	12.7725
9.59232	7.61648
10.5571	7.76758
11.4652	7.6262
12.647	7.83065
13.4236	7.81622
14.7022	8.02357
15.5337	7.93485
16.7397	7.89155
1.46182	8.43495
2.33085	12.9041
3.22758	8.52389
4.16904	8.31733
5.13698	8.30446
6.19659	8.33114
7.38388	8.21949
8.09982	8.36866
9.10075	8.63754
10.1543	8.5978
11.017	8.67938
12.0447	8.7533
15.6325	12.132
14.1171	8.92472
15.0669	8.77126
16.2061	8.73883
2.02259	9.62988
2.81925	9.1424
3.77887	9.16169
4.77034	9.13628
5.96897	9.1484
6.72011	9.13505
7.90109	9.19764
14.4977	11.9724
9.66197	9.6554
13.4476	12.1951
11.5106	9.87284
12.5167	9.55425
13.4578	9.58853
12.5691	12.4268
15.6949	9.86909
16.8551	9.52833
1.68709	10.4606
2.7506	10.1785
10.3682	12.5242
4.37462	10.0176
5.24403	10.2169
6.27647	10.062
7.27141	9.96855
8.1588	10.2742
9.29292	10.4485
10.177	10.6775
11.1331	10.588
12.2229	10.4326
13.1905	10.1388
14.0778	10.1343
15.5474	10.6055
16.3284	10.5994
2.17867	11.1799
2.72204	10.9468
3.91037	10.9006
4.74409	10.9375
5.83048	10.7542
6.77344	10.7921
7.79449	11.2253
8.67669	11.1475
9.75806	11.4242
10.6944	11.4829
11.8278	11.3874
12.819	11.4225
13.8903	11.3484
9.39546	12.5219
16.1814	11.1422
17.1587	11.2083
1.66597	12.0047
2.74358	12.0894
3.76635	12.0174
4.30815	11.7833
5.34165	11.8874
8.55158	12.1602
