-0.100692	0.343595
0.838191	0.162987
2.00617	0.214933
2.7934	0.047325
4.01308	-0.109732
4.802	-0.574907
6.06258	-0.626215
6.8871	-0.350418
7.63843	-0.113314
8.58171	0.420723
9.80838	0.346562
10.652	0.335546
11.7269	0.328436
12.7755	0.332649
13.7634	0.320176
14.6946	0.0294577
17.0966	12.9467
1.40341	0.80505
2.54168	0.816294
3.71276	0.592077
4.50878	0.649144
5.5257	0.0802636
6.44628	0.327211
7.37544	0.424896
8.37829	0.81319
9.20916	1.23875
10.239	1.26559
11.355	1.07984
12.2462	1.10005
13.2001	1.03439
14.1562	1.15286
16.1155	12.9719
-0.125809	1.66629
0.962843	1.63825
14.9838	13.0275
3.21383	1.66425
4.19393	1.49383
5.15215	1.22097
6.53889	1.29208
7.15512	1.02977
7.88301	1.49089
9.11131	1.83607
9.80841	2.03403
10.6191	2.14941
12.0047	1.93975
12.8864	1.91861
14.2058	13.0245
14.7717	1.77716
0.39018	2.76524
1.71929	2.20506
2.7549	2.51465
4.05347	2.22328
4.94062	2.09369
5.87193	1.89127
6.87049	2.13373
7.69686	2.61019
8.73648	2.77051
9.23235	3.01637
10.5113	2.8668
11.3496	2.77714
12.3278	2.75314
13.3386	2.64492
14.4707	2.80562
15.3355	2.52636
0.0244721	3.29985
1.39826	3.39769
2.55745	3.25418
3.51216	3.43077
4.56799	3.16749
5.83048	3.16678
6.85672	3.17686
7.69773	3.07756
8.39482	3.56119
13.1085	13.0489
10.1609	3.73824
10.9295	3.84424
11.8992	3.74763
12.8223	3.65947
13.9817	3.31142
15.1073	3.41644
0.635272	4.29882
1.77682	4.65635
3.35106	4.10523
4.20271	3.92802
5.29039	3.97559
6.37023	4.02161
7.23861	4.03043
8.14582	4.12006
9.0648	4.36916
10.1508	4.82525
12.1126	13.1771
11.5025	4.56989
12.4898	5.06573
13.7246	4.42343
14.4772	4.61025
15.5083	4.39388
0.984807	5.09675
1.6583	5.62254
2.68507	4.93943
3.69111	4.86096
4.95607	4.83412
5.61658	4.92034
7.33211	4.72857
8.37617	4.92434
9.33896	4.88785
9.91884	5.02908
10.8587	5.33803
11.9648	5.04133
11.9199	5.39976
13.2827	5.59261
11.2303	13.0049
10.182	13.4764
1.35521	5.87213
2.28285	5.77162
3.41815	5.68696
4.37814	5.89375
6.20827	12.5456
5.26741	12.7175
7.71527	5.58672
8.82861	5.65425
9.78574	6.00128
10.5585	5.97806
4.29741	12.8056
12.6233	5.88587
13.0659	6.69506
14.1268	6.03566
15.6836	6.27383
16.1682	5.96407
1.05191	6.93101
2.01833	6.64444
2.82267	6.69746
4.05426	6.66213
4.98697	6.77477
6.33121	6.6278
7.44518	6.29888
8.39289	6.40059
9.18947	6.72102
10.3881	7.00751
11.0274	6.90624
12.191	6.91173
13.1329	7.14323
14.0387	7.26022
15.161	7.23362
16.0003	7.12723
1.77202	7.96238
2.59239	7.35228
3.46232	7.41089
4.65641	7.51471
5.84918	7.4006
6.85905	7.51705
7.81194	7.24479
3.29423	12.7736
9.66712	7.588
10.6263	7.77145
11.537	7.63266
12.7186	7.83896
13.4952	7.83062
14.7725	8.04616
15.6044	7.96219
16.81	7.90836
1.53686	8.44566
2.43708	12.909
3.29357	8.5123
4.23357	8.29919
5.2015	8.28555
6.26108	8.31382
7.45021	8.19538
8.1606	8.34369
9.14933	8.65444
10.222	8.60099
11.0847	8.68402
12.112	8.76208
15.7368	12.1457
14.187	8.94709
15.1369	8.79399
16.2839	8.76027
2.10911	9.63513
2.88956	9.13364
3.84928	9.14626
4.84085	9.1248
6.03951	9.13399
6.79049	9.11386
7.97156	9.17494
14.5883	11.9637
9.73253	9.65987
13.5423	12.2051
11.5782	9.88175
12.5842	9.56293
13.5249	9.60801
12.6652	12.4415
15.7639	9.89241
16.9406	9.5433
1.78164	10.4691
2.84245	10.1769
10.4617	12.545
4.44957	10.0081
5.31936	10.2058
6.3511	10.0462
7.35149	9.9536
8.2353	10.2695
9.36766	10.4549
10.2502	10.6885
11.2005	10.6007
12.2899	10.4423
13.2574	10.1482
14.1446	10.134
15.6435	10.6337
16.4243	10.6194
2.27868	11.1846
2.80893	10.9451
3.99719	10.8972
4.82081	10.9273
5.90685	10.7418
6.84999	10.7751
7.86648	11.2188
8.74904	11.1452
9.8275	11.4331
10.7635	11.4964
11.8967	11.3987
12.888	11.431
13.9704	11.35
9.489	12.5384
16.2883	11.1573
17.2663	11.2121
1.76665	12.0098
2.84616	12.0924
3.8686	12.0159
4.3981	11.7783
5.43174	11.8809
8.65204	12.161
