-0.103035	0.348127
0.841606	0.166525
2.00975	0.214433
2.79766	0.0415394
4.01537	-0.122081
4.79767	-0.595002
6.07927	-0.6395
6.90024	-0.353298
7.64837	-0.106293
8.58453	0.440135
9.80365	0.356599
10.6495	0.340637
11.7244	0.337118
12.773	0.33547
13.761	0.329386
14.6915	0.0364642
17.2045	12.9527
1.41147	0.804474
2.54977	0.811753
3.71972	0.58171
4.51601	0.634935
5.52641	0.0545489
6.46422	0.313419
7.39278	0.416656
8.39023	0.818618
9.21503	1.25582
10.2483	1.28249
11.3639	1.09403
12.2552	1.11062
13.1994	1.04494
14.1558	1.16114
16.2235	12.9802
-0.126909	1.6713
0.96142	1.63259
15.0917	13.0387
3.22614	1.65635
4.2054	1.48119
5.16899	1.19577
6.57047	1.26666
7.17981	1.0091
7.89937	1.48311
9.11523	1.84719
9.81588	2.04989
10.6267	2.16474
12.0107	1.95469
12.8924	1.93149
14.3105	13.0305
14.771	1.78572
0.39983	2.76514
1.74309	2.21018
2.78047	2.51378
4.08248	2.21461
4.96744	2.07085
5.89639	1.85782
6.89196	2.11222
7.71054	2.60196
8.74657	2.78408
9.24088	3.03285
10.5194	2.8822
11.3575	2.79198
12.3357	2.76733
13.3463	2.65674
14.4786	2.81663
15.3429	2.53504
0.0337108	3.30725
1.43094	3.40516
2.58914	3.25379
3.54503	3.42382
4.60964	3.15182
5.87213	3.15494
6.89834	3.16797
7.74177	3.07103
8.4198	3.58103
13.2134	13.061
10.1694	3.75477
10.9382	3.85936
11.9079	3.7621
12.8307	3.67165
13.9899	3.32279
15.1168	3.42567
0.662324	4.29512
1.80645	4.64431
3.39226	4.09587
4.24321	3.91532
5.33097	3.96086
6.41059	4.01199
7.27896	4.02211
8.18523	4.12084
9.10171	4.37896
10.1849	4.84171
12.217	13.1857
11.5117	4.58462
12.5076	5.09092
13.7354	4.43541
14.4885	4.62042
15.5202	4.40214
1.01913	5.08983
1.69587	5.61144
2.71636	4.92205
3.73526	4.85026
5.00017	4.82075
5.6527	4.90714
7.40055	4.70075
8.44432	4.89807
9.40716	4.86294
9.96237	5.03023
10.9036	5.33472
12.0141	5.05464
11.9311	5.41346
13.3061	5.60927
11.3341	13.0173
10.2908	13.5
1.39565	5.86226
2.32292	5.75843
3.45699	5.65854
4.42448	5.8816
6.31133	12.5308
5.3725	12.7135
7.78248	5.55945
8.89567	5.62858
9.8588	6.00602
10.6065	5.97617
4.40897	12.8027
12.6873	5.88753
13.098	6.71338
14.156	6.0411
15.7548	6.29643
16.2095	5.9633
1.10174	6.92378
2.06558	6.62867
2.87512	6.67694
4.10699	6.65265
5.03997	6.76294
6.40012	6.60931
7.51134	6.2712
8.4589	6.37431
9.26385	6.69285
10.465	7.00998
11.1048	6.91184
12.2683	6.91892
13.2131	7.13818
14.1077	7.26788
15.2302	7.25512
16.0698	7.15049
1.84696	7.972
2.64812	7.32957
3.51694	7.40289
4.71128	7.50371
5.91777	7.3819
6.92657	7.49939
7.8767	7.21766
3.40566	12.7751
9.74764	7.55642
10.6994	7.77507
11.6134	7.63896
12.7946	7.84686
13.5713	7.84498
14.8469	8.07013
15.6794	7.99165
16.8844	7.92644
1.61622	8.45741
2.54912	12.9142
3.36234	8.50045
4.30068	8.28019
5.2686	8.26576
6.32814	8.29581
7.51888	8.16972
8.22303	8.31729
9.1956	8.67543
10.2939	8.60399
11.1564	8.68833
12.1834	8.7709
15.8473	12.1591
14.2609	8.97072
15.2109	8.81817
16.3664	8.78329
2.20059	9.64098
2.96306	9.12484
3.92286	9.13015
4.91451	9.11323
6.1132	9.11932
6.86393	9.0916
8.04509	9.15099
14.6837	11.9539
9.8069	9.66403
13.6425	12.2147
11.6497	9.89065
12.6557	9.57168
13.5957	9.62855
12.7666	12.4561
15.8358	9.91776
17.0312	9.55944
1.88165	10.4782
2.93953	10.1756
10.5606	12.5657
4.5286	9.99886
5.39876	10.1949
6.42964	10.0299
7.4359	9.93818
8.31592	10.2645
9.44639	10.461
10.3271	10.6994
11.2718	10.6135
12.3607	10.452
13.3282	10.1578
14.2152	10.1332
15.7453	10.6633
16.5259	10.6407
2.3847	11.1895
2.90078	10.9436
4.08898	10.8944
4.90159	10.9174
5.98727	10.7299
6.9306	10.7573
7.94229	11.212
8.82521	11.1428
9.90065	11.4418
10.8363	11.5099
11.9694	11.4103
12.9607	11.4396
14.0551	11.3512
9.58787	12.5547
16.4016	11.1724
17.3802	11.2156
1.87316	12.015
2.95459	12.0959
3.97668	12.0148
4.49348	11.7738
5.52725	11.875
8.75844	12.161
