-0.10514	0.352654
0.844929	0.170083
2.01322	0.214371
2.80198	0.0361326
4.0176	-0.133883
4.79313	-0.614264
6.09613	-0.650995
6.91376	-0.355391
7.65888	-0.0994198
8.58813	0.458684
9.79934	0.365644
10.6474	0.344679
11.7222	0.345135
12.7708	0.337669
13.7588	0.338471
14.6887	0.0434058
17.3184	12.9587
1.41948	0.803815
2.5578	0.807533
3.72663	0.571855
4.52316	0.621563
5.52685	0.0296574
6.48261	0.301303
7.41066	0.408972
8.40282	0.823815
9.22172	1.27197
10.2587	1.29863
11.3739	1.1077
12.2652	1.12084
13.1989	1.05532
14.1556	1.16932
16.3375	12.9884
-0.128115	1.67693
0.959744	1.6266
15.2064	13.049
3.23824	1.64886
4.21671	1.46933
5.1857	1.17108
6.60254	1.24167
7.20562	0.989262
7.91692	1.47558
9.11861	1.85882
9.82417	2.06484
10.635	2.1794
12.0175	1.96947
12.8991	1.94431
14.4213	13.0358
14.7702	1.79451
0.410282	2.76508
1.76634	2.21939
2.80649	2.51338
4.11227	2.20681
4.99475	2.04852
5.92105	1.82428
6.91335	2.09122
7.72413	2.59375
8.75602	2.79808
9.25002	3.0483
10.5279	2.8969
11.3661	2.80639
12.3443	2.78138
13.3546	2.66856
14.4869	2.82798
15.3509	2.54457
0.0431958	3.3158
1.46393	3.41687
2.62079	3.25554
3.57808	3.41747
4.65255	3.13651
5.91503	3.14346
6.94121	3.15938
7.78835	3.06533
8.4458	3.60161
13.3243	13.0724
10.1782	3.77072
10.9471	3.87391
11.9168	3.77631
12.8394	3.68367
13.9985	3.33434
15.1265	3.43561
0.688954	4.29257
1.8355	4.63375
3.43492	4.08698
4.28512	3.90293
5.37297	3.94638
6.45233	4.00274
7.32068	4.01404
8.22589	4.12213
9.13987	4.38899
10.2208	4.85694
12.3274	13.1934
11.5209	4.59897
12.5251	5.11554
13.7461	4.44744
14.4995	4.63103
15.5317	4.41134
1.05389	5.08358
1.73323	5.60179
2.74772	4.90379
3.78103	4.83995
5.04587	4.80768
5.6901	4.89421
7.47229	4.67155
8.51569	4.87077
9.47859	4.83719
10.007	5.03158
10.9499	5.33107
12.0646	5.06838
11.9424	5.42676
13.3288	5.62565
11.4438	13.0288
10.4059	13.523
1.43732	5.85261
2.36413	5.74473
3.4966	5.62811
4.47251	5.86979
6.42006	12.5168
5.48336	12.7101
7.85262	5.53095
8.9659	5.60203
9.93614	6.01029
10.6562	5.9741
4.52632	12.8001
12.7541	5.88788
13.1278	6.73108
14.1841	6.04678
15.8305	6.3203
16.2523	5.96378
1.15392	6.91698
2.1148	6.61237
2.92984	6.65499
4.1619	6.64363
5.09515	6.75164
6.47219	6.59037
7.58031	6.24226
8.52771	6.34692
9.34319	6.6631
10.5464	7.01176
11.1867	6.91694
12.3503	6.92529
13.2982	7.13069
14.1806	7.27451
15.3032	7.27748
16.143	7.17527
1.92613	7.98211
2.7064	7.30563
3.57369	7.39532
4.76828	7.49321
5.9896	7.3628
6.99711	7.48135
7.94413	7.18932
3.5229	12.7767
9.83435	7.52251
10.7768	7.77805
11.6945	7.64462
12.8755	7.85381
13.6522	7.85897
14.9258	8.09526
15.7589	8.02293
16.9632	7.94545
1.70023	8.46979
2.66695	12.9194
3.4344	8.48854
4.37086	8.26043
5.33878	8.24545
6.39827	8.27747
7.59079	8.14304
8.28745	8.28989
9.23779	8.70343
10.3703	8.60646
11.2327	8.69189
12.2593	8.77918
15.9646	12.1717
14.3392	8.99545
15.2893	8.84354
16.4539	8.80753
2.29736	9.64697
3.04037	9.11624
4.00017	9.11353
4.9919	9.10163
6.19061	9.10454
6.94098	9.06856
8.12223	9.1262
14.7845	11.9423
9.88645	9.66792
13.7487	12.2237
11.7259	9.89906
12.7318	9.57986
13.6709	9.65016
12.8742	12.47
15.911	9.94494
17.1272	9.57635
1.9875	10.4876
3.04184	10.1729
10.6653	12.5858
4.61215	9.98993
5.48266	10.1844
6.51254	10.0132
7.52517	9.92264
8.40136	10.2591
9.52986	10.4667
10.4084	10.71
11.3475	10.626
12.436	10.4616
13.4033	10.167
14.29	10.1316
15.8533	10.6937
16.6336	10.663
2.49677	11.1945
2.99801	10.9406
4.18624	10.8921
4.98681	10.9078
6.07215	10.7183
7.01565	10.7391
8.02248	11.2044
8.90578	11.1402
9.97811	11.4502
10.9134	11.5232
12.0463	11.4218
13.0378	11.4481
14.1448	11.3515
9.69267	12.5704
16.5219	11.1866
17.5009	11.2181
1.98562	12.0202
3.06899	12.0994
4.09073	12.014
4.59471	11.7701
5.62861	11.8699
8.87136	12.16
