-0.107099	0.357233
0.848912	0.173768
2.01735	0.214149
2.80743	0.0301824
4.0209	-0.146083
4.78913	-0.634118
6.11468	-0.661453
6.92895	-0.356714
7.67102	-0.0920136
8.59329	0.477557
9.79503	0.374339
10.6455	0.34818
11.7203	0.35324
12.7689	0.339749
13.7568	0.347745
14.686	0.0504721
17.4383	12.9648
1.42855	0.802851
2.56688	0.802723
3.7346	0.56156
4.53132	0.60805
5.52782	0.00410308
6.50273	0.290204
7.43031	0.401808
8.41694	0.829618
9.22988	1.2885
10.2703	1.31549
11.385	1.12163
12.2764	1.13125
13.1986	1.06592
14.1556	1.17765
16.4574	12.9969
-0.129026	1.68244
0.958188	1.61961
15.3262	13.0604
3.25127	1.64085
4.22899	1.4573
5.20343	1.14583
6.63581	1.21659
7.23357	0.969843
7.93621	1.46859
9.12182	1.87209
9.83357	2.08043
10.6444	2.19468
12.0251	1.9849
12.9066	1.95751
14.5379	13.0411
14.7697	1.80334
0.421853	2.76433
1.79199	2.22784
2.83466	2.51277
4.14346	2.19876
5.02312	2.02553
5.94664	1.7901
6.9353	2.07019
7.73786	2.58578
8.76483	2.81349
9.26064	3.0646
10.5377	2.91222
11.3758	2.82138
12.3539	2.79598
13.364	2.68059
14.4964	2.8395
15.36	2.55418
0.0538285	3.32436
1.49894	3.42764
2.65443	3.25684
3.613	3.41105
4.69762	3.12026
5.96007	3.13171
6.98618	3.15121
7.83814	3.06084
8.47286	3.62384
13.4411	13.084
10.188	3.78805
10.9572	3.88907
11.9268	3.79107
12.8493	3.69593
14.0081	3.34609
15.1374	3.44566
0.717541	4.28903
1.86683	4.62086
3.47959	4.07734
4.32901	3.88972
5.41695	3.93109
6.49595	3.99378
7.36429	4.00647
8.26834	4.1239
9.17962	4.39984
10.2584	4.87283
12.4438	13.2008
11.5313	4.61389
12.5435	5.13952
13.7579	4.45969
14.5117	4.64179
15.5444	4.42059
1.09212	5.07553
1.77438	5.58989
2.78096	4.88439
3.82886	4.82885
5.09363	4.79382
5.72852	4.88076
7.54619	4.64084
8.58929	4.84167
9.55225	4.81011
10.0534	5.03341
10.9979	5.32759
12.1169	5.0837
11.9553	5.44038
13.3521	5.64186
11.5594	13.04
10.5272	13.5457
1.4826	5.84101
2.40911	5.73059
3.53989	5.59859
4.52259	5.85717
6.53514	12.5024
5.6008	12.7068
7.92487	5.50097
9.03801	5.5739
10.0178	6.01404
10.7079	5.97226
4.65002	12.7973
12.8237	5.88833
13.1569	6.74834
14.2113	6.0549
15.9095	6.34633
16.2986	5.96192
1.20933	6.90803
2.16728	6.59429
2.98713	6.63308
4.21924	6.63389
5.15276	6.73958
6.54669	6.57069
7.65138	6.21183
8.59859	6.31807
9.42702	6.63073
10.6322	7.01298
11.2731	6.92206
12.4366	6.93211
13.3877	7.12223
14.2567	7.28179
15.3792	7.3019
16.2193	7.20225
2.00872	7.99289
2.76759	7.28004
3.63291	7.38704
4.82775	7.48196
6.0636	7.34282
7.07006	7.46259
8.0136	7.15949
3.6465	12.7783
9.92736	7.48483
10.858	7.78066
11.7798	7.65049
12.9605	7.86139
13.7372	7.87405
15.0084	8.12268
15.842	8.05709
17.0454	7.96612
1.78847	8.48314
2.79119	12.9248
3.5089	8.47649
4.44324	8.23986
5.41114	8.22425
6.47058	8.25824
7.66541	8.11511
8.35376	8.26105
9.27279	8.74016
10.4501	8.60839
11.3124	8.69524
12.3385	8.7881
16.0873	12.1856
14.421	9.02232
15.3712	8.8713
16.5457	8.83385
2.3993	9.65327
3.12059	9.10775
4.08034	9.0963
5.07212	9.08976
6.27083	9.08908
7.02072	9.04419
8.20206	9.09991
14.8903	11.9293
9.96884	9.67103
13.8607	12.2329
11.8056	9.90821
12.8113	9.58858
13.7492	9.67347
12.9876	12.4842
15.9885	9.97519
17.2284	9.59445
2.09927	10.4975
3.14996	10.1708
10.7761	12.6056
4.69922	9.98095
5.57012	10.1736
6.59883	9.99558
7.61817	9.90605
8.49033	10.2528
9.61668	10.4717
10.4933	10.7204
11.4265	10.6387
12.5147	10.472
13.4819	10.1769
14.368	10.1299
15.9675	10.7259
16.7475	10.6868
2.61501	11.1996
3.09963	10.938
4.28788	10.8898
5.07576	10.8981
6.16071	10.7063
7.10434	10.7199
8.10608	11.196
8.98974	11.1368
10.0588	11.458
10.9936	11.5364
12.1264	11.4335
13.1179	11.4576
14.2387	11.3516
9.8035	12.5855
16.6479	11.2024
17.6272	11.2219
2.10418	12.0256
3.18963	12.103
4.21099	12.0132
4.70201	11.7664
5.73603	11.865
8.99138	12.1572
