-0.108873	0.361436
0.853337	0.177271
2.02189	0.214091
2.81356	0.024081
4.02524	-0.158269
4.78561	-0.654095
6.13452	-0.670263
6.94559	-0.357084
7.68474	-0.084332
8.60019	0.496141
9.79074	0.382172
10.6439	0.350686
11.7187	0.360843
12.7672	0.341161
13.755	0.356704
14.6835	0.0571972
17.5646	12.9705
1.43831	0.801394
2.57665	0.797747
3.74321	0.551087
4.54012	0.594604
5.52914	-0.0215142
6.52421	0.280722
7.4514	0.395458
8.4325	0.835808
9.23962	1.30485
10.2836	1.33241
11.3976	1.1353
12.2891	1.14144
13.1986	1.07623
14.1558	1.18565
16.5838	13.0049
-0.129703	1.68805
0.95664	1.61153
15.4522	13.0716
3.26498	1.63264
4.24199	1.44534
5.22155	1.12053
6.67009	1.19188
7.26325	0.951441
7.95711	1.46233
9.12485	1.88664
9.84438	2.09597
10.6553	2.20994
12.0339	2.00042
12.9154	1.97065
14.6609	13.0459
14.7694	1.81188
0.434758	2.76292
1.8194	2.23667
2.86461	2.51213
4.17573	2.19078
5.05227	2.00241
5.97277	1.75544
6.95732	2.04969
7.75143	2.5782
8.7728	2.8299
9.27278	3.08091
10.5488	2.92752
11.3868	2.83637
12.365	2.81061
13.3748	2.69249
14.5072	2.85091
15.3704	2.56414
0.0654791	3.33342
1.53546	3.43866
2.68953	3.25851
3.64934	3.40484
4.74474	3.10319
6.00713	3.11971
7.03317	3.14319
7.89115	3.05745
8.50104	3.64725
13.5644	13.0953
10.1992	3.80561
10.9687	3.90421
11.9383	3.80586
12.8604	3.70804
14.0192	3.35772
15.1493	3.45599
0.747579	4.28519
1.89967	4.6072
3.52612	4.06737
4.3747	3.87598
5.46272	3.91522
6.5413	3.9848
7.40962	3.99919
8.31233	4.12646
9.22095	4.41107
10.2979	4.88817
12.5665	13.2073
11.5431	4.62882
12.562	5.16182
13.7706	4.47168
14.5247	4.65268
15.5579	4.43023
1.13281	5.06653
1.81785	5.57719
2.8157	4.86407
3.87872	4.81733
5.14341	4.77943
5.76821	4.86686
7.62389	4.60858
8.66649	4.81194
9.62952	4.78214
10.1012	5.03567
11.0473	5.32464
12.1704	5.10056
11.9695	5.45406
13.3748	5.65726
11.6815	13.0502
10.6553	13.5681
1.53085	5.82812
2.45715	5.71598
3.58609	5.56909
4.57478	5.84408
6.65682	12.4881
5.72512	12.7042
8.00051	5.46961
9.11366	5.54485
10.1047	6.01693
10.7608	5.9709
4.78045	12.7946
12.8959	5.88836
13.184	6.76451
14.2365	6.06514
15.9921	6.37425
16.3481	5.95883
1.26781	6.89771
2.22271	6.57482
3.04703	6.61077
4.27907	6.62374
5.21285	6.72709
6.62475	6.55035
7.72561	6.17992
8.67261	6.28805
9.51574	6.59678
10.7226	7.01367
11.3641	6.92716
12.5276	6.93891
13.482	7.11194
14.3364	7.2888
15.4583	7.32788
16.2989	7.23128
2.09505	8.0044
2.8318	7.25279
3.69464	7.37835
4.8897	7.47028
6.14072	7.32188
7.14631	7.4433
8.08594	7.1283
3.77687	12.7799
10.0273	7.44422
10.9432	7.78288
11.8698	7.65634
13.0502	7.86895
13.8267	7.88956
15.0951	8.15203
15.9293	8.09407
17.1314	7.98805
1.88118	8.49748
2.92219	12.93
3.58651	8.46377
4.51851	8.21809
5.4864	8.20193
6.54577	8.23817
7.74291	8.08578
8.42212	8.23108
9.28859	8.79977
10.5339	8.60991
11.396	8.69823
12.4215	8.79733
16.2164	12.1996
14.5066	9.05094
15.457	8.90111
16.6427	8.86197
2.50666	9.65984
3.20434	9.09877
4.16393	9.07802
5.15573	9.0775
6.35444	9.0732
7.10368	9.01863
8.28511	9.07247
15.0013	11.9148
10.055	9.67362
13.9789	12.2417
11.8892	9.91775
12.8948	9.59755
13.8312	9.69828
13.1073	12.4982
16.0682	10.0083
17.3351	9.61372
2.21726	10.5077
3.26396	10.1685
10.893	12.6252
4.7907	9.97195
5.66195	10.163
6.68929	9.97721
7.71573	9.88893
8.58365	10.2462
9.70773	10.4765
10.5823	10.7307
11.5095	10.6515
12.5974	10.4828
13.5643	10.187
14.4497	10.1275
16.0884	10.7591
16.8679	10.712
2.74003	11.2047
3.20682	10.9353
4.39509	10.8878
5.16895	10.8884
6.25354	10.6946
7.19726	10.6998
8.19366	11.187
9.07767	11.1332
10.1433	11.4657
11.0777	11.5497
12.2103	11.4455
13.2018	11.4676
14.3377	11.3509
9.92056	12.6
16.7805	11.2184
17.76	11.2263
2.22917	12.0306
3.31711	12.1065
4.33808	12.0124
4.81571	11.7629
5.84981	11.8608
9.11869	12.1528
