-0.110251	0.364392
0.857073	0.179406
2.02572	0.213263
2.81956	0.017253
4.02939	-0.170381
4.78083	-0.674206
6.15466	-0.67687
6.96317	-0.357136
7.69977	-0.0775681
8.60893	0.512723
9.78717	0.387472
10.6429	0.350541
11.7176	0.366721
12.7659	0.340927
13.7537	0.364954
14.6813	0.0629653
17.6975	12.9752
1.44742	0.798455
2.58574	0.791864
3.75132	0.540536
4.54836	0.581588
5.52924	-0.0474128
6.54661	0.273183
7.47363	0.389253
8.44957	0.840914
9.25131	1.3191
10.2989	1.34756
11.4125	1.14759
12.3039	1.1506
13.1991	1.08596
14.1567	1.19283
16.7168	13.0122
-0.130546	1.69411
0.954581	1.60185
15.5855	13.0818
3.27742	1.62399
4.25383	1.43357
5.23948	1.09473
6.70445	1.16659
7.29522	0.933199
7.98047	1.45559
9.12786	1.90087
9.85697	2.10954
10.6678	2.22371
12.0442	2.01551
12.9255	1.98335
14.791	13.049
14.7688	1.82041
0.449451	2.76068
1.84561	2.25245
2.89501	2.51145
4.20873	2.18299
5.0817	1.97874
5.99891	1.71982
6.97903	2.02853
7.76468	2.56954
8.77974	2.84559
9.28628	3.095
10.5611	2.94126
11.3992	2.85032
12.3774	2.82479
13.3868	2.70395
14.5192	2.86256
15.3823	2.57505
0.0780011	3.34391
1.57265	3.45699
2.72455	3.26345
3.68598	3.39864
4.79362	3.08531
6.05595	3.10678
7.0819	3.13395
7.94805	3.05364
8.53088	3.67019
13.6948	13.1048
10.211	3.82178
10.9808	3.91806
11.9505	3.81994
12.8723	3.71941
14.0311	3.36929
15.1619	3.46706
0.778055	4.28257
1.93302	4.59415
3.57506	4.05765
4.42258	3.8616
5.51069	3.89814
6.58879	3.97483
7.45709	3.9905
8.35832	4.1279
9.26419	4.42117
10.3398	4.90119
12.6963	13.2113
11.555	4.64281
12.5799	5.18261
13.7834	4.48343
14.5375	4.6639
15.5713	4.44098
1.17565	5.05771
1.86314	5.56507
2.85143	4.84237
3.93179	4.80566
5.19636	4.76417
5.80991	4.85177
7.71656	4.58035
8.75835	4.78784
9.7215	4.76243
10.1505	5.03708
11.0982	5.32089
12.2254	5.11851
11.9836	5.46694
13.3965	5.67195
11.8106	13.058
10.7908	13.5885
1.58265	5.81456
2.50874	5.70078
3.63533	5.53681
4.63077	5.83043
6.78368	12.4739
5.85499	12.7026
8.08969	5.44291
9.20232	5.52287
10.1956	6.01731
10.8153	5.96871
4.91724	12.7912
12.9703	5.88806
13.2071	6.77944
14.2589	6.0782
16.0762	6.40436
16.4014	5.95638
1.33125	6.88694
2.28259	6.5537
3.11211	6.58654
4.34393	6.61339
5.2779	6.715
6.71429	6.53252
7.8117	6.15202
8.75822	6.26426
9.60964	6.57278
10.8165	7.01219
11.4587	6.93112
12.6222	6.94547
13.5797	7.10017
14.4176	7.29563
15.5386	7.35586
16.3796	7.26262
2.18306	8.01591
2.90133	7.22289
3.76091	7.3691
4.95615	7.4588
6.22548	7.30103
7.23195	7.42774
8.16791	7.10196
3.91361	12.7803
10.1249	7.41794
11.0305	7.78324
11.9628	7.66144
13.1427	7.87668
13.9189	7.90558
15.184	8.18375
16.0188	8.13445
17.2193	8.01143
1.97679	8.51221
3.05951	12.9337
3.6696	8.44743
4.59955	8.1941
5.56745	8.1783
6.62667	8.21901
7.82847	8.06071
8.50165	8.20548
9.28593	8.88302
10.6192	8.60924
11.4811	8.69971
12.5059	8.8066
16.3526	12.2123
14.5941	9.08177
15.5447	8.93337
16.743	8.89218
2.61841	9.66575
3.29266	9.08555
4.25205	9.05692
5.24382	9.06476
6.44252	9.05818
7.19107	8.99481
8.37252	9.04811
15.1179	11.8956
10.1391	9.6724
14.1043	12.2489
11.9754	9.9279
12.9804	9.60605
13.9147	9.72484
13.2343	12.5104
16.1482	10.0449
17.4463	9.63373
2.34086	10.5176
3.38264	10.1636
11.017	12.6427
4.88599	9.96212
5.75737	10.1526
6.78344	9.95993
7.81585	9.87329
8.67996	10.2397
9.80202	10.4796
10.6755	10.7393
11.5957	10.6627
12.6834	10.4931
13.6499	10.1956
14.5342	10.1222
16.2155	10.7929
16.9945	10.7385
2.8715	11.2086
3.31922	10.9298
4.5076	10.8852
5.26486	10.8783
6.34932	10.6837
7.29305	10.6814
8.28466	11.1783
9.16897	11.1295
10.2316	11.4714
11.1654	11.5616
12.2979	11.4555
13.2894	11.477
14.4415	11.3471
10.0446	12.6122
16.9199	11.2329
17.8995	11.2297
2.36069	12.0346
3.45129	12.1087
4.47191	12.0107
4.93419	11.7591
5.96823	11.8575
9.2534	12.1464
