-0.111749	0.36593
0.859982	0.180072
2.0287	0.211418
2.8252	0.00936944
4.03389	-0.182645
4.77481	-0.695176
6.17563	-0.680843
6.98216	-0.356128
7.71668	-0.0711344
8.61974	0.528449
9.78366	0.391033
10.6419	0.348435
11.7165	0.371515
12.7647	0.339501
13.7522	0.372697
14.6788	0.0678021
17.8367	12.9787
1.45576	0.793894
2.59408	0.784791
3.75878	0.529417
4.55594	0.568261
5.52806	-0.0741978
6.57039	0.26804
7.49746	0.383737
8.46861	0.845608
9.26513	1.33243
10.3166	1.36228
11.4296	1.15927
12.3211	1.1594
13.1999	1.09544
14.1578	1.19932
16.8561	13.0189
-0.131832	1.70082
0.951589	1.59023
15.7254	13.0917
3.28864	1.61451
4.26451	1.42131
5.25679	1.06805
6.73907	1.14066
7.32981	0.915599
8.00651	1.44902
9.13088	1.91564
9.87144	2.12238
10.6823	2.237
12.0561	2.0306
12.9374	1.99611
14.9279	13.051
14.7678	1.82902
0.466118	2.75743
1.87046	2.27586
2.92567	2.51009
4.24225	2.17464
5.11126	1.95415
6.0248	1.68258
6.99988	2.00687
7.7769	2.56021
8.78488	2.86113
9.30138	3.10821
10.5752	2.9545
11.4133	2.86401
12.3915	2.839
13.4006	2.71548
14.5329	2.87459
15.3959	2.58716
0.0916504	3.35605
1.61066	3.4833
2.75939	3.27175
3.72284	3.39171
4.84436	3.06556
6.1066	3.09204
7.13244	3.12314
8.00903	3.04966
8.56199	3.69314
13.832	13.1134
10.2243	3.83736
10.9943	3.93152
11.964	3.83392
12.8856	3.7307
14.0446	3.38111
15.1755	3.47915
0.809782	4.28097
1.96774	4.58126
3.62611	4.04823
4.47227	3.84636
5.56051	3.8792
6.63806	3.96326
7.50633	3.98027
8.40582	4.12872
9.30883	4.43066
10.3836	4.91269
12.8329	13.2135
11.5682	4.65657
12.5976	5.20195
13.7966	4.49522
14.5508	4.67579
15.5849	4.4531
1.22148	5.04872
1.9112	5.55304
2.88867	4.81998
3.98798	4.79377
5.25238	4.74746
5.85319	4.83486
7.82595	4.55709
8.86634	4.77151
9.82963	4.75221
10.2008	5.03835
11.1498	5.31807
12.281	5.13947
11.9983	5.47988
13.4172	5.68615
11.9464	13.0643
10.9336	13.6079
1.63885	5.79992
2.56488	5.6857
3.68862	5.50319
4.69086	5.81586
6.91568	12.4595
5.99064	12.7025
8.19394	5.42186
9.30574	5.50942
10.2909	6.01547
10.8696	5.96711
5.06043	12.7869
13.0458	5.88923
13.2272	6.79352
14.278	6.09594
16.16	6.43751
16.4593	5.95385
1.40019	6.87521
2.34751	6.53071
3.18277	6.5614
4.4142	6.60248
5.34829	6.70297
6.81642	6.51754
7.91102	6.12901
8.85673	6.24784
9.70636	6.5619
10.9128	7.0097
11.5559	6.93538
12.7193	6.95351
13.6797	7.0887
14.4989	7.30365
15.6184	7.38672
16.4597	7.29704
2.27119	8.02811
2.97663	7.19017
3.83209	7.35888
5.02744	7.44716
6.31823	7.28
7.32786	7.41634
8.26059	7.08141
4.05677	12.7794
10.2161	7.41042
11.1188	7.78294
12.0576	7.66735
13.2368	7.8864
14.0126	7.9236
15.2739	8.21886
16.1091	8.1795
17.3074	8.03677
2.07398	8.52808
3.20321	12.9358
3.7582	8.42643
4.68659	8.16746
5.65451	8.15297
6.71346	8.20056
7.92238	8.04059
8.59375	8.18511
9.35956	8.88347
10.7045	8.60747
11.566	8.70102
12.5898	8.81759
16.4948	12.2242
14.6823	9.11581
15.6332	8.96913
16.8457	8.92523
2.73349	9.67148
3.38515	9.06683
4.34435	9.03238
5.33597	9.0514
6.53467	9.04434
7.28249	8.97298
8.46389	9.02763
15.2394	11.8725
10.2176	9.66754
14.2364	12.255
12.0626	9.94043
13.0667	9.61566
13.9982	9.75391
13.368	12.5217
16.2276	10.0855
17.561	9.65523
2.46924	10.5276
3.50522	10.1568
11.1475	12.6592
4.9845	9.95127
5.85569	10.1426
6.88067	9.94416
7.91755	9.85968
8.77818	10.2342
9.89852	10.482
10.7722	10.7474
11.6841	10.6735
12.7718	10.5041
13.7374	10.2037
14.6202	10.1143
16.3478	10.8269
17.1265	10.7669
3.00912	11.2114
3.43659	10.9227
4.62511	10.8819
5.36251	10.8678
6.44715	10.6743
7.39084	10.6652
8.3781	11.1707
9.26266	11.1265
10.3228	11.4761
11.2559	11.5734
12.3881	11.4646
13.3796	11.4869
14.5498	11.3407
10.1754	12.6226
17.0648	11.2464
18.0442	11.2339
2.49797	12.0371
3.59213	12.1094
4.61241	12.0079
5.05701	11.7546
6.09078	11.8558
9.39541	12.1382
