0.0332672	0.304658
0.863729	0.131744
2.02853	0.232136
2.80575	0.163549
4.05648	0.14672
4.94107	-0.165761
6.00533	-0.16857
6.87472	-0.165165
7.66249	-0.174648
8.7246	0.041729
9.96639	0.100873
10.798	0.178295
11.8727	0.162667
12.9162	0.266728
13.9008	0.186617
14.8448	-0.0592002
15.3799	12.8791
1.33851	0.843283
2.47528	0.902076
3.66333	0.801085
4.44581	0.957794
5.55304	0.594818
6.33893	0.803544
7.2696	0.721175
8.34236	0.796753
9.26802	0.917793
10.2548	0.962087
11.3796	0.840726
12.2661	0.934845
13.3038	0.873019
14.2532	1.03711
14.3987	12.8573
-0.0412837	1.66402
1.0451	1.73894
13.2664	12.8582
3.05537	1.81543
4.04901	1.76722
4.84717	1.7192
5.96822	1.84149
6.93343	1.60516
7.77546	1.788
9.02269	1.85541
9.83491	1.73643
10.6414	1.87841
12.0489	1.70914
12.9305	1.73381
12.5421	12.9108
14.8499	1.67927
0.36851	2.80681
1.34527	2.15283
2.37002	2.49666
3.55453	2.42086
4.44537	2.52232
5.39839	2.53371
6.42197	2.62407
7.35102	2.8403
8.38213	2.63218
9.2288	2.70051
10.5101	2.59185
11.3508	2.52987
12.3293	2.53822
13.3445	2.48261
14.4706	2.68138
15.3404	2.48444
-0.034053	3.29761
0.798094	3.26009
1.96612	3.26749
2.89022	3.56533
3.77645	3.47298
5.03878	3.456
6.06501	3.45604
6.95252	3.38605
7.79138	3.25901
11.4474	12.8305
10.1303	3.456
10.8957	3.58256
11.868	3.51798
12.7945	3.4793
13.9648	3.17034
15.0419	3.35355
0.437497	4.3693
1.62017	4.18989
2.54433	4.27731
3.40877	4.18026
4.49224	4.28694
5.57303	4.29766
6.44133	4.31202
7.34672	4.20587
8.2984	4.17804
9.46795	4.318
10.4528	12.9681
11.4445	4.3267
12.2439	4.52394
13.6094	4.25495
14.3424	4.50815
15.3638	4.35982
0.112743	5.17757
0.899458	4.84422
1.87278	5.10706
2.81239	5.06142
4.07675	5.10928
4.84912	5.22053
5.97065	5.09588
7.02015	5.25996
7.9814	5.1943
9.03069	4.97084
9.94442	5.35008
10.9818	4.86495
11.9416	5.11139
12.8564	5.25261
9.59228	12.7086
8.48026	12.9998
0.438361	5.97275
1.36688	5.88066
2.50273	5.95755
3.43725	6.13294
4.55291	12.8653
3.59665	12.8476
6.3798	5.94195
7.49446	5.97579
8.60199	5.85354
9.59654	5.96552
2.49178	12.8834
11.498	5.80327
12.3126	6.23579
13.4205	6.02111
14.506	5.98965
15.2473	5.97193
0.0409989	7.00004
1.02927	6.80157
1.77019	6.87358
3.00192	6.84411
3.92558	7.01582
4.99793	6.91627
6.13127	6.66191
7.08163	6.73503
7.91696	7.01968
9.13186	6.89978
9.76671	6.77367
10.9303	6.76086
11.8319	7.11819
12.8783	7.12265
13.9878	6.9519
14.8266	6.84154
0.506807	7.86406
1.49227	7.58654
2.36353	7.55371
3.54858	7.73322
4.53049	7.69799
5.55412	7.78806
6.52639	7.59635
1.49349	12.7794
8.44438	7.85732
9.39947	7.6539
10.2877	7.49191
11.4723	7.67968
12.2437	7.58953
13.5316	7.72842
14.358	7.6011
15.5613	7.69365
0.219347	8.31818
0.628824	12.8528
1.99394	8.73175
2.94518	8.57623
3.9128	8.60417
4.97267	8.59693
6.14081	8.53752
6.91035	8.68342
7.92535	8.47382
9.00915	8.49011
9.87303	8.55871
10.9026	8.60006
13.9766	11.9416
12.9312	8.61952
13.8835	8.48221
14.9358	8.47555
0.619954	9.5759
1.55288	9.32737
2.51006	9.39832
3.49987	9.33574
4.69786	9.37598
5.44715	9.43066
6.62838	9.48791
13.0331	12.0215
8.44717	9.51244
11.9598	12.0318
10.3564	9.71373
11.3659	9.406
12.3031	9.31285
11.064	12.1836
14.4656	9.60505
15.4742	9.34418
0.179219	10.3559
1.2706	10.2161
8.9106	12.1277
3.09022	10.2106
3.95438	10.4318
4.98933	10.2948
5.91672	10.1839
6.85027	10.2804
7.99762	10.2629
8.91709	10.4253
9.96869	10.3285
11.0681	10.2741
12.039	9.99147
12.9189	10.1058
14.04	10.2239
14.8126	10.3376
0.582195	11.1283
1.28606	10.9848
2.47523	10.9961
3.43643	11.1396
4.52709	10.9837
5.4694	11.036
6.55655	11.2556
7.43062	11.1133
8.54368	11.1958
9.48181	11.1981
10.6188	11.1645
11.6014	11.2993
12.5704	11.2838
7.93935	12.1813
14.4804	10.9281
15.4321	11.1601
0.0686273	11.9526
1.09559	12.0678
2.12087	12.0649
2.89247	11.9321
3.92327	12.0601
7.0304	12.0519
