-0.11344	0.365065
0.862475	0.178375
2.03125	0.207505
2.83191	-0.00138064
4.04009	-0.196617
4.7691	-0.717921
6.1991	-0.681872
7.00377	-0.35256
7.73619	-0.0621889
8.63316	0.54647
9.77969	0.395491
10.641	0.346575
11.7154	0.376873
12.7634	0.337847
13.7505	0.379778
14.676	0.0711655
17.9819	12.9805
1.46457	0.786008
2.60287	0.774659
3.76689	0.516177
4.56412	0.553732
5.52695	-0.102571
6.59716	0.265627
7.52436	0.380195
8.49039	0.852685
9.28171	1.34791
10.3365	1.37885
11.4487	1.17169
12.3402	1.16849
13.2012	1.10473
14.1595	1.20477
17.0014	13.0245
-0.13224	1.70611
0.948892	1.57495
15.8706	13.1022
3.29966	1.60252
4.27518	1.40763
5.27448	1.03992
6.77468	1.11491
7.36769	0.899927
8.03544	1.4445
9.13308	1.93459
9.88864	2.13739
10.6995	2.25202
12.0702	2.04688
12.9513	2.00898
15.0711	13.0533
14.7676	1.83628
0.485702	2.75116
1.89503	2.3043
2.95693	2.50605
4.27621	2.16418
5.14106	1.92793
6.05081	1.64394
7.01993	1.98564
7.78769	2.55179
8.78709	2.88008
9.32045	3.12429
10.5924	2.96951
11.4305	2.87901
12.4087	2.85397
13.4173	2.72655
14.5496	2.88551
15.4125	2.59824
0.108252	3.36708
1.64971	3.51477
2.79419	3.28128
3.75978	3.38251
4.89693	3.04223
6.15902	3.07541
7.18469	3.11175
8.07454	3.04757
8.59289	3.71925
13.9757	13.123
10.241	3.85634
11.0116	3.94653
11.9813	3.8489
12.9024	3.74182
14.0614	3.39211
15.1921	3.49023
0.844113	4.27799
2.00509	4.56638
3.67871	4.03742
4.52319	3.82864
5.61155	3.85721
6.68833	3.9507
7.55656	3.96977
8.45397	4.13032
9.35347	4.4426
10.427	4.92738
12.9759	13.2165
11.5854	4.67157
12.618	5.21916
13.8133	4.50618
14.5674	4.68687
15.6015	4.46416
1.27173	5.037
1.96321	5.53891
2.92823	4.79649
4.04668	4.77998
5.31086	4.72807
5.89587	4.8154
7.94579	4.53194
8.9843	4.75531
9.94772	4.74445
10.2506	5.04279
11.2007	5.31824
12.3356	5.16456
12.0172	5.49401
13.4401	5.69907
12.0887	13.0716
11.0834	13.6289
1.70038	5.78183
2.62674	5.67023
3.7476	5.47079
4.75409	5.79895
7.05516	12.4434
6.13432	12.7019
8.30602	5.39997
9.4171	5.49696
10.3906	6.01399
10.9235	5.96853
5.2106	12.7805
13.1215	5.89212
13.2468	6.80588
14.2962	6.11854
16.2447	6.47282
16.5227	5.94767
1.47432	6.85984
2.41756	6.50429
3.25777	6.53651
4.48875	6.58946
5.42295	6.68896
6.92567	6.50192
8.01714	6.10471
8.96181	6.23152
9.80712	6.55342
11.0126	7.00823
11.6564	6.9415
12.8198	6.96366
13.7831	7.0766
14.5817	7.31263
15.6992	7.41976
16.5409	7.33359
2.36104	8.03997
3.05708	7.15368
3.90745	7.34647
5.1029	7.43349
6.4165	7.25709
7.42956	7.40498
8.35864	7.06002
4.20691	12.7762
10.3086	7.40685
11.2094	7.78384
12.1556	7.67521
13.3341	7.89831
14.1095	7.94332
15.3664	8.25664
16.2021	8.22757
17.3976	8.06296
2.17474	8.54411
3.35387	12.9354
3.85132	8.40283
4.77798	8.13776
5.74593	8.12481
6.80449	8.18072
8.02195	8.01973
8.68986	8.16431
9.44793	8.87106
10.792	8.60677
11.6531	8.70362
12.6756	8.83104
16.6417	12.2362
14.7736	9.15276
15.7247	9.00742
16.9521	8.95972
2.85293	9.67653
3.48247	9.04565
4.44143	9.00492
5.43273	9.03655
6.63144	9.0296
7.37837	8.94957
8.55966	9.00678
15.365	11.8487
10.2982	9.66362
14.3743	12.2619
12.1533	9.95618
13.1559	9.62704
14.0843	9.78527
13.5077	12.5344
16.3099	10.1286
17.6803	9.6769
2.60279	10.5368
3.63281	10.1499
11.2843	12.6774
5.08781	9.93895
5.95868	10.1317
6.98252	9.92746
8.02474	9.84622
8.88131	10.2299
9.99981	10.4859
10.8731	10.758
11.7759	10.6873
12.8638	10.5183
13.828	10.2136
14.7089	10.1074
16.4857	10.8588
17.2641	10.7955
3.15295	11.2124
3.55949	10.9153
4.74809	10.877
5.46436	10.8561
6.54931	10.6642
7.49291	10.6484
8.47505	11.1638
9.35989	11.1254
10.4174	11.4828
11.3497	11.5881
12.4816	11.4769
13.4732	11.5001
14.6618	11.335
10.3125	12.634
17.2134	11.2594
18.1927	11.2405
2.64145	12.0379
3.74009	12.1077
4.76004	12.0029
5.18688	11.7485
6.22025	11.8537
9.54588	12.1288
