-0.115687	0.362307
0.864422	0.175151
2.03322	0.203287
2.83949	-0.0136674
4.04801	-0.211367
4.76432	-0.74107
6.22403	-0.679095
7.02746	-0.346776
7.75812	-0.0519655
8.64899	0.565606
9.77487	0.40002
10.6397	0.34425
11.7139	0.382417
12.7616	0.335747
13.7483	0.386122
14.6724	0.0732582
18.1334	12.9807
1.47394	0.775343
2.61223	0.762899
3.77566	0.501751
4.57291	0.539085
5.52631	-0.13085
6.626	0.266749
7.55354	0.378472
8.51456	0.861051
9.30067	1.3645
10.3583	1.3964
11.4696	1.1844
12.3611	1.17756
13.2024	1.11359
14.1611	1.20924
17.1532	13.0293
-0.13258	1.71018
0.945489	1.55579
16.0229	13.1121
3.31092	1.58916
4.28635	1.39378
5.29276	1.01115
6.81148	1.08903
7.40897	0.88562
8.0674	1.44144
9.13518	1.95576
9.90815	2.15357
10.719	2.26793
12.0861	2.06375
12.9671	2.02173
15.2209	13.0556
14.7676	1.84242
0.507719	2.7417
1.92189	2.33928
2.99063	2.50088
4.31195	2.1542
5.17198	1.90097
6.0776	1.60408
7.04	1.96431
7.79787	2.54363
8.78741	2.9006
9.34238	3.14187
10.6122	2.98546
11.4503	2.89465
12.4284	2.86924
13.4364	2.73711
14.5689	2.8955
15.4314	2.60846
0.127273	3.37728
1.69111	3.55261
2.8301	3.2937
3.79771	3.37346
4.95277	3.01771
6.21465	3.05829
7.24011	3.10031
8.1464	3.04766
8.62695	3.74687
14.126	13.1333
10.2607	3.87678
11.0318	3.96233
12.0014	3.86433
12.922	3.75262
14.0808	3.40235
15.2111	3.50046
0.880611	4.27381
2.04454	4.55008
3.73482	4.02556
4.57747	3.8095
5.66594	3.83396
6.74174	3.93806
7.60993	3.95922
8.50485	4.13316
9.40049	4.45635
10.4732	4.94287
13.1255	13.2196
11.6059	4.68714
12.6419	5.23706
13.8326	4.51639
14.5867	4.69721
15.6206	4.47436
1.32569	5.02274
2.01825	5.52316
2.9701	4.77028
4.10919	4.76491
5.37314	4.7075
5.9408	4.7949
8.06804	4.50531
9.1046	4.73751
10.0681	4.73461
10.302	5.04991
11.2532	5.32166
12.3914	5.19489
12.0396	5.50857
13.4671	5.71166
12.2376	13.079
11.2401	13.6502
1.76686	5.76025
2.69364	5.65225
3.81149	5.43659
4.82104	5.7808
7.20337	12.4269
6.28713	12.7012
8.42111	5.37627
9.53131	5.48275
10.4984	6.0113
10.9786	5.97304
5.36824	12.7732
13.1997	5.89753
13.2675	6.81735
14.3157	6.14609
16.3313	6.51126
16.5913	5.93823
1.55371	6.84087
2.49263	6.47409
3.33717	6.50929
4.56754	6.57518
5.50174	6.67462
7.03829	6.48533
8.12621	6.07851
9.06977	6.2134
9.91248	6.54244
11.1175	7.00726
11.7623	6.94918
12.9255	6.97644
13.8913	7.06471
14.6668	7.32257
15.7815	7.45572
16.6236	7.37337
2.45331	8.05269
3.14221	7.11344
3.98628	7.33222
5.18175	7.41917
6.51812	7.23296
7.53458	7.3926
8.45954	7.03671
4.36454	12.7717
10.4067	7.40009
11.3039	7.78545
12.2582	7.6851
13.4357	7.91332
14.2107	7.96502
15.4625	8.29797
16.2985	8.27968
17.4904	8.09067
2.27963	8.56131
3.51196	12.9334
3.9481	8.37774
4.87272	8.10566
5.84071	8.09534
6.89882	8.15962
8.12565	7.99739
8.78834	8.14172
9.53831	8.85708
10.8826	8.60635
11.7433	8.70733
12.7641	8.84716
16.7947	12.2467
14.8692	9.19375
15.8204	9.04896
17.0634	8.99635
2.97738	9.6818
3.58414	9.02334
4.54276	8.97534
5.53352	9.02096
6.73223	9.01402
7.47808	8.92444
8.65923	8.98436
15.4953	11.8245
10.3798	9.65895
14.5183	12.2693
12.2481	9.97522
13.2489	9.64045
14.1735	9.81923
13.6537	12.5481
16.3998	10.1732
17.8049	9.69974
2.74222	10.5463
3.76526	10.1413
11.4279	12.696
5.19618	9.92623
6.06671	10.1204
7.0892	9.90957
8.13803	9.83238
8.9901	10.226
10.1067	10.49
10.9795	10.77
11.872	10.7032
12.9601	10.5355
13.9225	10.2253
14.8012	10.1014
16.6298	10.8882
17.4082	10.8254
3.30383	11.2124
3.68854	10.9064
4.87725	10.8715
5.57115	10.844
6.65643	10.654
7.59987	10.6303
8.57627	11.1566
9.46141	11.1254
10.5164	11.4901
11.4476	11.605
12.5793	11.4915
13.5708	11.5166
14.7787	11.3296
10.4564	12.6446
17.3672	11.2704
18.3465	11.2494
2.79089	12.0371
3.89581	12.1046
4.91547	11.9969
5.32552	11.7418
6.35842	11.8516
9.70553	12.1162
