-0.118782	0.356317
0.865629	0.169198
2.03442	0.197635
2.84832	-0.0288687
4.0588	-0.227473
4.76091	-0.765295
6.25118	-0.671726
7.05381	-0.337436
7.78308	-0.0392141
8.66786	0.587065
9.7687	0.40529
10.638	0.341643
11.7118	0.388409
12.759	0.332879
13.7454	0.391124
14.6677	0.0731361
18.2911	12.9784
1.4839	0.760368
2.6222	0.748036
3.78525	0.485181
4.58248	0.523434
5.52653	-0.15962
6.65768	0.272178
7.58569	0.379873
8.54197	0.871767
9.3229	1.38323
10.3826	1.41563
11.4928	1.19766
12.3842	1.18643
13.2035	1.12161
14.1628	1.21195
17.3111	13.0324
-0.132469	1.71204
0.94149	1.53118
16.1809	13.1218
3.32211	1.57327
4.29771	1.37873
5.31117	0.981747
6.84898	1.06437
7.45329	0.874717
8.1023	1.44151
9.13642	1.9809
9.93093	2.17188
10.7419	2.28537
12.1048	2.0814
12.9854	2.03402
15.3767	13.0578
14.768	1.84638
0.533025	2.72749
1.95043	2.38003
3.02542	2.49294
4.34777	2.14249
5.20289	1.87316
6.10426	1.56363
7.05876	1.94432
7.80634	2.53689
8.78442	2.92417
9.36868	3.16219
10.6358	3.00303
11.4739	2.91129
12.452	2.88478
13.4592	2.74652
14.5918	2.90348
15.4537	2.61684
0.149787	3.38554
1.73429	3.59605
2.86627	3.30805
3.83562	3.36262
5.01064	2.98919
6.27221	3.03881
7.29735	3.08814
8.22322	3.05033
8.66161	3.77672
14.2825	13.1448
10.2849	3.89977
11.0566	3.97943
12.0261	3.88035
12.946	3.76266
14.1044	3.41096
15.2336	3.50887
0.919833	4.2678
2.08656	4.53206
3.79268	4.01226
4.63312	3.78773
5.72169	3.80728
6.79617	3.92421
7.66429	3.9483
8.55612	4.13746
9.44735	4.47269
10.5191	4.96129
13.2814	13.2233
11.6315	4.7036
12.6719	5.2567
13.8558	4.52493
14.6098	4.70596
15.6433	4.48269
1.38346	5.00542
2.0763	5.50544
3.01434	4.74274
4.17448	4.74781
5.43811	4.68385
5.98507	4.77144
8.19898	4.47665
9.23316	4.71922
10.1966	4.72587
10.3521	5.06133
11.304	5.33058
12.4451	5.23216
12.0677	5.52373
13.5015	5.72357
12.3927	13.0875
11.4034	13.6728
1.83866	5.73437
2.7662	5.63308
3.88112	5.40271
4.89159	5.75999
7.36106	12.4092
6.45004	12.7004
8.54329	5.35111
9.65238	5.46859
10.6173	6.00604
11.0312	5.98269
5.53364	12.7639
13.2773	5.90624
13.2971	6.82835
14.3395	6.17826
16.4196	6.55215
16.6653	5.92455
1.63852	6.81748
2.57297	6.43945
3.42097	6.48157
4.65072	6.55829
5.58486	6.65829
7.15738	6.46735
8.24145	6.05041
9.18362	6.19463
10.0227	6.53211
11.2272	7.00764
11.8728	6.9595
13.0358	6.99293
14.0039	7.05198
14.754	7.33391
15.8652	7.49393
16.7077	7.41566
2.54747	8.06569
3.2326	7.06845
4.06901	7.31498
5.26444	7.40266
6.62504	7.20636
7.64486	7.37938
8.56527	7.01186
4.52993	12.7648
10.5081	7.3948
11.4017	7.7886
12.3648	7.69805
13.5411	7.93249
14.3158	7.98868
15.562	8.34201
16.3982	8.33562
17.5855	8.11951
2.38869	8.57916
3.67774	12.9284
4.04949	8.34936
4.97174	8.06936
5.93977	8.0625
6.99727	8.13646
8.23573	7.97403
8.8894	8.11825
9.63077	8.84253
10.9756	8.60705
11.8357	8.713
12.8544	8.86707
16.9527	12.2564
14.9694	9.23825
15.9205	9.09271
17.1792	9.03469
3.10664	9.68681
3.69108	8.99805
4.64925	8.94185
5.63913	9.00387
6.83785	8.99761
7.58226	8.89692
8.76319	8.96133
15.6294	11.801
10.4624	9.65461
14.6676	12.2775
12.3469	9.99894
13.3452	9.65674
14.2658	9.8548
13.8053	12.5636
16.4994	10.2172
17.9347	9.7231
2.88721	10.5555
3.90291	10.1324
11.5776	12.7161
5.31028	9.91226
6.18029	10.1088
7.20125	9.8906
8.25798	9.81898
9.10485	10.2237
10.2197	10.495
11.0915	10.7846
11.9724	10.7228
13.0607	10.5569
14.0207	10.2393
14.8966	10.0971
16.7797	10.914
17.5584	10.8558
3.46175	11.2105
3.82422	10.8972
5.01299	10.8646
5.68285	10.831
6.76863	10.6439
7.71181	10.6114
8.68151	11.15
9.56694	11.1278
10.6197	11.4991
11.5494	11.6252
12.6809	11.5098
13.6724	11.5373
14.8997	11.3256
10.6067	12.655
17.5253	11.2801
18.5046	11.262
2.94667	12.0337
4.05965	12.0987
5.07906	11.9886
5.47344	11.7334
6.50563	11.8496
9.87458	12.1008
