-0.124283	0.346892
0.86737	0.161839
2.03611	0.192715
2.86021	-0.0458189
4.07416	-0.244036
4.76127	-0.78893
6.28127	-0.658315
7.08311	-0.322125
7.81118	-0.0209632
8.69099	0.612282
9.75826	0.412955
10.6341	0.340646
11.7075	0.396063
12.7542	0.330213
13.7402	0.394974
14.6603	0.0708083
18.4534	12.9734
1.49642	0.741523
2.63475	0.731282
3.79759	0.467445
4.59468	0.508757
5.52962	-0.186721
6.69112	0.284131
7.61946	0.38895
8.57165	0.8887
9.3484	1.4065
10.4082	1.43912
11.5166	1.21241
12.408	1.19579
13.2032	1.12906
14.1631	1.213
17.4738	13.034
-0.132075	1.71015
0.936494	1.49971
16.345	13.1304
3.33537	1.55593
4.31161	1.36462
5.33176	0.953491
6.89013	1.04442
7.49889	0.870274
8.13566	1.45078
9.12575	2.01853
9.95632	2.19525
10.7676	2.30658
12.1252	2.10096
13.0054	2.04606
15.5373	13.0612
14.7687	1.84705
0.56123	2.70684
1.98378	2.42904
3.06331	2.48319
4.38642	2.13315
5.23582	1.84631
6.13283	1.52437
7.07724	1.92948
7.81172	2.53822
8.77453	2.96209
9.40174	3.18987
10.6635	3.02452
11.5012	2.93052
12.4793	2.90134
13.4852	2.75449
14.6183	2.90815
15.4792	2.62162
0.175978	3.38988
1.77973	3.64715
2.90293	3.32661
3.87345	3.35293
5.07324	2.96055
6.33414	3.02498
7.35866	3.086
8.30627	3.06828
8.69934	3.82015
14.4439	13.159
10.314	3.93228
11.0869	3.99978
12.0562	3.89807
12.975	3.77208
14.1324	3.41706
15.2599	3.51381
0.961447	4.25848
2.13054	4.51212
3.85293	3.99866
4.69112	3.76586
5.77974	3.78256
6.85196	3.91872
7.7199	3.94858
8.60728	4.15766
9.49309	4.50699
10.5677	4.98933
13.4422	13.2297
11.6638	4.72238
12.712	5.28156
13.8841	4.5311
14.6382	4.71194
15.6704	4.48731
1.44403	4.98387
2.13568	5.48554
3.06035	4.71367
4.24197	4.73041
5.50536	4.66205
6.02581	4.75128
8.32254	4.44456
9.35469	4.69564
10.3181	4.71056
10.4025	5.08844
11.3661	5.3123
12.5101	5.25726
12.1041	5.54029
13.5489	5.73521
12.553	13.0978
11.5716	13.6963
1.91363	5.70366
2.84215	5.61182
3.95487	5.37107
4.96262	5.74009
7.53157	12.3914
6.62609	12.6994
8.6598	5.32176
9.76776	5.44879
10.9799	5.88189
11.1244	5.97656
5.7086	12.7541
13.3539	5.91684
13.3396	6.83907
14.3743	6.21233
16.5138	6.59622
16.7423	5.90456
1.72498	6.78883
2.65538	6.40094
3.5048	6.45417
4.73381	6.54192
5.66774	6.64386
7.27278	6.44798
8.35192	6.01841
9.2928	6.1708
10.1237	6.51722
11.3442	6.99664
11.9911	6.97252
13.1539	7.01193
14.1235	7.03413
14.8477	7.34516
15.9542	7.53487
16.7971	7.46133
2.64699	8.08067
3.3235	7.02094
4.15053	7.29739
5.34578	7.38756
6.72982	7.17921
7.75262	7.36406
8.66737	6.98264
4.7049	12.7566
10.5974	7.38638
11.4895	7.78355
12.4793	7.71359
13.6544	7.95405
14.4289	8.01254
15.6684	8.38895
16.5045	8.39548
17.6862	8.15079
2.50471	8.59895
3.85299	12.9217
4.15079	8.3222
5.06975	8.03161
6.03781	8.0299
7.09472	8.11221
8.34621	7.94762
8.98594	8.09065
9.71909	8.82325
11.058	8.59917
11.9174	8.71079
12.9306	8.89792
17.1171	12.2653
15.0726	9.28306
16.0242	9.14094
17.3022	9.07551
3.24292	9.69321
3.79986	8.97497
4.75733	8.90776
5.74605	8.98608
6.94478	8.97961
7.68742	8.8667
8.86813	8.93494
15.7632	11.7748
10.5412	9.64495
14.8204	12.288
12.441	10.0377
13.4338	9.67975
14.3536	9.88164
13.961	12.5825
16.6039	10.265
18.0718	9.74811
3.03953	10.5657
4.04735	10.1242
11.7329	12.7373
5.42813	9.89836
6.29767	10.0969
7.31655	9.86917
8.38544	9.80546
9.22745	10.2202
10.3411	10.4965
11.2125	10.8
12.0735	10.7443
13.1628	10.5853
14.1176	10.2525
14.99	10.0899
16.9372	10.9381
17.7165	10.8875
3.62812	11.2082
3.96615	10.8888
5.15497	10.8578
5.7986	10.818
6.88481	10.6333
7.82755	10.5897
8.79057	11.1401
9.67624	11.131
10.7278	11.5057
11.655	11.6488
12.786	11.5278
13.7771	11.5641
15.0218	11.3179
10.763	12.6612
17.6899	11.2892
18.6694	11.2777
3.10774	12.0281
4.23347	12.0914
5.25271	11.9796
5.63454	11.7245
6.66591	11.8478
10.0524	12.0797
