-0.133478	0.334821
0.865112	0.152768
2.03366	0.190211
2.87127	-0.0641257
4.09167	-0.260191
4.76181	-0.812053
6.30979	-0.639301
7.11292	-0.306178
7.8412	-0.00550323
8.71681	0.633562
9.74499	0.415407
10.627	0.333791
11.6999	0.400072
12.7458	0.323784
13.7313	0.396017
14.6493	0.0657708
18.6209	12.9658
1.50771	0.717395
2.64609	0.713059
3.80884	0.448824
4.60571	0.494777
5.532	-0.212184
6.72529	0.300662
7.6545	0.397427
8.60405	0.902166
9.37722	1.42529
10.4357	1.45872
11.5424	1.22352
12.4336	1.20221
13.1993	1.13362
14.1597	1.21125
17.6418	13.0329
-0.136062	1.70496
0.92467	1.45796
16.5122	13.1379
3.34701	1.53746
4.32421	1.35116
5.3525	0.923057
6.9346	1.02071
7.54895	0.864251
8.1735	1.4579
9.11163	2.05363
9.984	2.21494
10.7955	2.32462
12.1469	2.11869
13.0266	2.05565
15.703	13.061
14.7652	1.84544
0.591084	2.67725
2.03097	2.48727
3.11179	2.47475
4.43212	2.12807
5.27312	1.8175
6.16401	1.47903
7.0966	1.91071
7.81766	2.53532
8.76247	2.99795
9.43651	3.21348
10.6929	3.04278
11.5304	2.94702
12.5084	2.91575
13.5129	2.75958
14.6463	2.91058
15.5067	2.62375
0.204133	3.39159
1.83503	3.70671
2.94772	3.35138
3.91858	3.3476
5.14757	2.93085
6.40762	3.01045
7.43137	3.08344
8.40039	3.08587
8.74933	3.85921
14.6106	13.1697
10.3446	3.96101
11.1184	4.01715
12.0874	3.91338
13.005	3.77834
14.1616	3.42066
15.2881	3.51609
1.0091	4.2422
2.18106	4.48228
3.92599	3.98157
4.76199	3.74096
5.85064	3.7558
6.91994	3.91325
7.78771	3.94806
8.67062	4.17538
9.55211	4.53549
10.6302	5.00988
13.6082	13.2307
11.6968	4.73851
12.7608	5.31398
13.9141	4.53486
14.6683	4.7152
15.6994	4.48927
1.51245	4.95338
2.2038	5.45545
3.11308	4.67338
4.32186	4.70966
5.58507	4.63797
6.07741	4.72922
8.45813	4.41351
9.48752	4.67571
10.4507	4.70094
10.4643	5.11255
11.4311	5.32243
12.576	5.29261
12.1447	5.5523
13.6087	5.74687
12.7183	13.1034
11.7451	13.7151
1.99859	5.66214
2.92793	5.57892
4.0383	5.32755
5.04517	5.71743
7.71094	12.3743
6.81193	12.7008
8.78561	5.29441
9.8923	5.4331
11.0443	5.90412
11.1991	5.99012
5.88964	12.7443
13.4367	5.93007
13.4058	6.85191
14.4208	6.24625
16.6072	6.64468
16.8295	5.874
1.82173	6.74929
2.74789	6.35135
3.5986	6.4149
4.82608	6.52198
5.7594	6.62939
7.39647	6.43007
8.47047	5.98781
9.4097	6.15001
10.2431	6.50322
11.4627	6.99975
12.1098	6.98459
13.2724	7.03107
14.2423	7.02174
14.9399	7.35891
16.0408	7.57925
16.8842	7.51183
2.74237	8.09924
3.42364	6.96308
4.23838	7.27398
5.43309	7.3712
6.84109	7.1519
7.86711	7.35091
8.77583	6.95528
4.88593	12.7473
10.7127	7.37458
11.5971	7.78859
12.5936	7.72865
13.7672	7.97618
14.5415	8.03862
15.7733	8.43927
16.6091	8.46577
17.7835	8.18802
2.62009	8.6226
4.03412	12.9129
4.25814	8.29179
5.173	7.98852
6.14103	7.99598
7.19715	8.0883
8.46725	7.92435
9.08579	8.06574
9.81089	8.80631
11.1604	8.60137
12.019	8.7186
13.0298	8.91864
17.2846	12.273
15.1839	9.33756
16.1344	9.18872
17.4256	9.12316
3.38081	9.70134
3.91626	8.94933
4.87271	8.86891
5.85943	8.96947
7.05817	8.96402
7.79835	8.83608
8.97864	8.91145
15.9043	11.7519
10.6238	9.63714
14.9784	12.295
12.5531	10.0639
13.5417	9.69474
14.4551	9.92417
14.122	12.5981
16.7299	10.3045
18.211	9.77716
3.19554	10.5779
4.19384	10.1153
11.8934	12.754
5.55416	9.88607
6.4229	10.088
7.43933	9.84963
8.51993	9.79485
9.35563	10.2222
10.4694	10.4981
11.3385	10.8143
12.1857	10.7653
13.2757	10.6105
14.2265	10.2664
15.0955	10.0865
17.0992	10.9585
17.8794	10.9237
3.8012	11.2043
4.11434	10.88
5.30322	10.8516
5.92102	10.8072
7.00796	10.6267
7.95004	10.5704
8.90469	11.1353
9.79043	11.1398
10.8428	11.5123
11.7677	11.67
12.8985	11.5485
13.8895	11.5896
15.1517	11.3137
10.9246	12.6654
17.8577	11.297
18.8372	11.3015
3.2739	12.0198
4.41414	12.0823
5.43335	11.9701
5.80419	11.7156
6.83437	11.8485
10.236	12.0579
