-0.145965	0.321988
0.859799	0.143674
2.02804	0.189923
2.88209	-0.0831682
4.11262	-0.274003
4.76606	-0.830565
6.33798	-0.611209
7.14417	-0.285534
7.87416	0.0110002
8.74797	0.652532
9.72763	0.415456
10.6172	0.324326
11.6891	0.403188
12.7343	0.316244
13.7192	0.39604
14.635	0.0598528
18.7945	12.9574
1.51778	0.6903
2.65617	0.69381
3.81919	0.430682
4.61566	0.483517
5.53631	-0.23078
6.75912	0.326237
7.68936	0.41243
8.63899	0.916996
9.41061	1.44241
10.4653	1.47731
11.5701	1.23306
12.4612	1.20761
13.1921	1.13705
14.1529	1.2085
17.8158	13.0308
-0.142993	1.69868
0.906576	1.40781
16.6867	13.1434
3.35633	1.51888
4.33494	1.34015
5.37215	0.894476
6.97881	1.00076
7.59958	0.864444
8.21099	1.47161
9.08555	2.09346
10.0147	2.23417
10.8264	2.34219
12.1706	2.13645
13.0496	2.06418
15.8745	13.06
14.7588	1.84252
0.623991	2.63989
2.08494	2.56992
3.16075	2.46524
4.47872	2.12583
5.31006	1.79028
6.19426	1.43473
7.11291	1.89538
7.81933	2.53653
8.74296	3.04018
9.47537	3.23715
10.7253	3.06056
11.5626	2.96303
12.5405	2.92966
13.5433	2.76296
14.6771	2.91119
15.5382	2.62489
0.234861	3.39332
1.8947	3.79026
2.99157	3.38876
3.96139	3.34375
5.22505	2.9
6.48386	2.9973
7.50654	3.08429
8.49635	3.10845
8.80317	3.89945
14.7833	13.1797
10.3783	3.99092
11.1529	4.03403
12.1218	3.92818
13.0378	3.7829
14.1936	3.42248
15.3187	3.51696
1.05879	4.22566
2.23358	4.45153
4.00244	3.96523
4.83571	3.7153
5.9244	3.7281
6.9897	3.91072
7.85723	3.95123
8.73497	4.19782
9.61219	4.56826
10.6955	5.03067
13.7803	13.2297
11.7329	4.75415
12.8192	5.35314
13.9463	4.53674
14.7006	4.71692
15.7288	4.4906
1.5839	4.92098
2.27448	5.4241
3.16795	4.63086
4.40643	4.68885
5.66942	4.61338
6.12816	4.7066
8.59292	4.38034
9.61956	4.65311
10.5824	4.68794
10.5262	5.1426
11.4969	5.33335
12.6422	5.32877
12.1923	5.5615
13.6807	5.75809
12.8898	13.106
11.9236	13.7287
2.08851	5.61676
3.01864	5.543
4.12685	5.28228
5.13277	5.69444
7.90478	12.3601
7.01203	12.7033
8.91128	5.26459
10.0166	5.41439
11.111	5.93065
11.2781	6.00549
6.07752	12.7355
13.5199	5.94254
13.484	6.86422
14.4796	6.27845
16.7088	6.69438
16.9217	5.83923
1.9231	6.70571
2.84504	6.29809
3.69634	6.3733
4.92183	6.50115
5.85425	6.61614
7.52103	6.41086
8.58923	5.95481
9.52679	6.12638
10.3686	6.48413
11.5895	7.00139
12.2369	6.99605
13.3992	7.04914
14.3679	7.00164
15.0395	7.37115
16.1335	7.62351
16.9775	7.56413
2.84271	8.12048
3.52752	6.90236
4.32804	7.24834
5.52194	7.35527
6.95373	7.12336
7.98295	7.33611
8.88491	6.92528
5.0738	12.7383
10.8388	7.35516
11.7121	7.79218
12.7164	7.74287
13.8887	7.997
14.6627	8.06306
15.8858	8.48944
16.7205	8.54043
17.8861	8.22784
2.74234	8.64848
4.22199	12.9038
4.36944	8.26287
5.27827	7.94202
6.24616	7.96114
7.30145	8.06289
8.5977	7.90087
9.18364	8.03882
9.90182	8.78612
11.2703	8.60221
12.1282	8.72479
13.1362	8.93879
17.4593	12.2787
15.3049	9.39328
16.254	9.23544
17.5562	9.17323
3.52534	9.71117
4.04029	8.92687
4.99502	8.82805
5.97874	8.95466
7.17749	8.94927
7.91394	8.80149
9.09358	8.88652
16.051	11.7301
10.7075	9.62394
15.1422	12.3013
12.6762	10.0908
13.6593	9.7074
14.5649	9.96563
14.2889	12.6131
16.8707	10.3397
18.3574	9.80797
3.35837	10.5914
4.34689	10.1082
12.0609	12.766
5.68986	9.87656
6.5578	10.0819
7.57086	9.82957
8.6661	9.78545
9.49563	10.2247
10.6111	10.4933
11.4779	10.8245
12.3089	10.7832
13.3999	10.6359
14.3455	10.2774
15.211	10.0819
17.2688	10.9766
18.0496	10.9611
3.9814	11.2006
4.26959	10.8732
5.45853	10.847
6.05318	10.7991
7.14082	10.6227
8.0818	10.5502
9.02795	11.1293
9.91349	11.1502
10.9692	11.513
11.891	11.688
13.0219	11.5664
14.0124	11.6158
15.2893	11.3079
11.0936	12.6623
18.0327	11.3029
19.0119	11.3277
3.445	12.0101
4.60208	12.0732
5.62134	11.9611
5.98981	11.707
7.01853	11.8507
10.4239	12.0339
