-0.15891	0.308923
0.84989	0.132186
2.01786	0.185199
2.89256	-0.107984
4.137	-0.286658
4.77544	-0.844583
6.36576	-0.572608
7.17748	-0.26093
7.91144	0.0256792
8.78717	0.664606
9.709	0.410131
10.6073	0.309775
11.6781	0.403309
12.7224	0.306094
13.7067	0.394251
14.6206	0.0528808
18.9781	12.9482
1.52414	0.658618
2.66251	0.667782
3.82694	0.410864
4.62269	0.47416
5.5427	-0.240968
6.7921	0.362478
7.72353	0.434701
8.67783	0.930358
9.451	1.4535
10.5	1.49109
11.6028	1.23829
12.4938	1.20991
13.1838	1.13818
14.1451	1.20428
17.9999	13.0272
-0.151255	1.69315
0.881945	1.34854
16.874	13.1441
3.35827	1.49657
4.339	1.32981
5.38939	0.865836
7.02328	0.983053
7.65093	0.870873
8.24727	1.49284
9.03367	2.13736
10.0506	2.2487
10.8624	2.35573
12.1989	2.1517
13.077	2.07005
16.0558	13.0562
14.7507	1.83859
0.663298	2.59354
2.16042	2.7963
3.1833	2.44696
4.52812	2.12731
5.34714	1.76279
6.22326	1.38782
7.12435	1.88201
7.81378	2.54144
8.71088	3.091
9.52031	3.25649
10.7622	3.07424
11.5994	2.9756
12.5773	2.94089
13.5782	2.76348
14.7122	2.90976
15.578	2.62633
0.269616	3.39831
1.97855	4.01792
3.02028	3.48958
3.97806	3.3308
5.30413	2.87175
6.5613	2.98852
7.58256	3.09097
8.5886	3.13569
8.86093	3.93923
14.9658	13.1867
10.4159	4.01893
11.1912	4.04714
12.16	3.93998
13.0743	3.78423
14.2296	3.42192
15.3526	3.51687
1.10975	4.21439
2.28688	4.42779
4.0827	3.96442
4.91033	3.69633
5.99908	3.70353
7.05937	3.91338
7.92658	3.9606
8.79873	4.22637
9.67247	4.60501
10.7635	5.04893
13.9622	13.2236
11.7722	4.76647
12.8871	5.3964
13.9809	4.53586
14.7349	4.71702
15.7562	4.49324
1.65638	4.89299
2.34448	5.39952
3.2231	4.5973
4.50244	4.67902
5.76486	4.59452
6.17773	4.68693
8.71399	4.34504
9.73915	4.62332
10.7018	4.66359
10.5869	5.17877
11.5625	5.34299
12.7076	5.3608
12.2481	5.56418
13.764	5.7668
13.0713	13.1023
12.1105	13.7332
2.18022	5.57449
3.11135	5.51479
4.21698	5.24332
5.23597	5.67938
8.11589	12.3474
7.22833	12.7038
9.02751	5.23101
10.1321	5.38697
11.181	5.95987
11.362	6.02083
6.27041	12.7242
13.6015	5.95089
13.5656	6.8726
14.5509	6.30516
16.8196	6.7407
17.0158	5.80735
2.02608	6.66509
2.94378	6.24801
3.79711	6.33847
5.02053	6.48489
5.9515	6.61105
7.64012	6.39078
8.70166	5.91944
9.63825	6.09619
10.4989	6.4517
11.724	6.99947
12.3714	7.00445
13.5335	7.06196
14.4988	6.96846
15.1473	7.37841
16.2334	7.66297
17.0781	7.61355
2.94872	8.14094
3.63273	6.84499
4.4178	7.22485
5.61035	7.34614
7.06345	7.09571
8.09741	7.31833
8.99196	6.89153
5.26667	12.7268
10.9816	7.31591
11.8341	7.79212
12.8481	7.75311
14.0195	8.01162
14.7931	8.08218
16.0069	8.53468
16.8393	8.61447
17.9947	8.2661
2.87145	8.67281
4.41486	12.8923
4.48534	8.24155
5.38472	7.89513
6.35219	7.93034
7.40707	8.03675
8.74284	7.87752
9.2799	8.00792
9.9933	8.75978
11.3887	8.60013
12.2461	8.72657
13.2508	8.95489
17.6443	12.2773
15.4371	9.44555
16.3842	9.27613
17.6942	9.22123
3.67605	9.71925
4.17509	8.91458
5.12665	8.78884
6.10695	8.93974
7.3057	8.93292
8.0368	8.76075
9.2155	8.85797
16.2063	11.7051
10.7932	9.60316
15.316	12.3048
12.8135	10.1157
13.7889	9.71313
14.6852	10.0022
14.4658	12.6249
17.0254	10.3664
18.5103	9.83666
3.52719	10.6028
4.50544	10.0991
12.2395	12.7693
5.83866	9.86786
6.70589	10.0761
7.71441	9.80625
8.82763	9.77469
9.65193	10.2237
10.7709	10.4776
11.635	10.8261
12.4468	10.7937
13.5393	10.6581
14.4773	10.2804
15.3396	10.071
17.4453	10.989
18.2262	10.9958
4.16726	11.1941
4.42978	10.8643
5.61878	10.8409
6.19891	10.7916
7.28715	10.6188
8.22639	10.5262
9.16473	11.1179
10.0497	11.158
11.1113	11.5033
12.029	11.6985
13.1598	11.5767
14.1497	11.6394
15.4378	11.2955
11.2742	12.6477
18.2154	11.3002
19.1938	11.3482
3.62188	11.9975
4.79499	12.0617
5.81429	11.9498
6.19532	11.6947
7.22218	11.8512
10.6162	12.007
