-0.170645	0.292419
0.830029	0.112265
1.99817	0.161576
2.90379	-0.147675
4.16252	-0.295763
4.79017	-0.849638
6.3894	-0.523644
7.21009	-0.236369
7.95086	0.0321824
8.8321	0.663493
9.69016	0.395787
10.5992	0.287245
11.6685	0.396734
12.7119	0.290176
13.6954	0.387547
14.6076	0.0417106
19.1739	12.9352
1.51957	0.618481
2.65799	0.623235
3.82745	0.390095
4.62192	0.468487
5.54979	-0.236429
6.81875	0.410055
7.75137	0.464662
8.71764	0.93655
9.49544	1.45281
10.54	1.49372
11.6414	1.23467
12.5324	1.20503
13.1761	1.13394
14.1377	1.19547
18.1961	13.019
-0.161175	1.68952
0.848051	1.2799
17.0682	13.1436
3.33672	1.46601
4.32046	1.31804
5.40076	0.835579
7.06692	0.966542
7.69776	0.882691
8.2739	1.52341
8.9064	2.18066
10.0906	2.25133
10.9024	2.35876
12.2319	2.15858
13.1093	2.06944
16.2494	13.0461
14.7404	1.83278
0.709057	2.53626
2.68059	3.40164
3.08319	2.39851
4.58309	2.13633
5.38386	1.73336
6.24905	1.3339
7.12639	1.8692
7.79344	2.55134
8.65478	3.15548
9.56913	3.26368
10.8019	3.07724
11.6392	2.9789
12.617	2.94449
13.6164	2.75854
14.7504	2.90468
15.6278	2.62786
0.307022	3.40829
2.20224	4.54033
3.0401	3.7265
3.89509	3.26661
5.38389	2.85404
6.63929	2.98866
7.65905	3.10524
8.67184	3.16364
8.92595	3.97312
15.1606	13.1864
10.455	4.03743
11.2307	4.05029
12.1995	3.94344
13.1124	3.77925
14.2677	3.41694
15.3882	3.51463
1.15945	4.21165
2.33794	4.4175
4.1709	4.00129
4.98544	3.69565
6.07422	3.68966
7.12948	3.92354
7.99631	3.97753
8.86365	4.2587
9.73584	4.64096
10.8387	5.05452
14.1565	13.2094
11.8115	4.76979
12.9625	5.44027
14.0153	4.53002
14.7686	4.7138
15.776	4.49737
1.72554	4.87421
2.40792	5.38841
3.2751	4.5818
4.62288	4.69595
5.88378	4.591
6.2305	4.67686
8.81264	4.31142
9.83827	4.58793
10.801	4.62657
10.6484	5.21776
11.6291	5.34829
12.7739	5.38273
12.3115	5.55264
13.8556	5.76968
13.2656	13.0878
12.3084	13.7242
2.26836	5.54078
3.20064	5.50307
4.30214	5.21528
5.37253	5.68427
8.34686	12.3383
7.46178	12.7008
9.12805	5.19671
10.2326	5.35095
11.2587	5.98643
11.4521	6.03261
6.46448	12.7058
13.6814	5.9515
13.6451	6.87322
14.6334	6.32121
16.9387	6.77527
17.1062	5.78332
2.12477	6.63281
3.03843	6.20696
3.89851	6.31652
5.11993	6.47887
6.04836	6.62253
7.74854	6.37222
8.80316	5.88559
9.73998	6.06105
10.6331	6.40345
11.8631	6.99167
12.5104	7.00711
13.6725	7.06459
14.6315	6.9201
15.2626	7.37561
16.3405	7.68977
17.1858	7.65144
3.06049	8.15297
3.73399	6.79634
4.50333	7.2073
5.69342	7.35107
7.16509	7.07154
8.20747	7.29897
9.09479	6.85729
5.46072	12.7073
11.1429	7.25194
11.9605	7.786
12.9871	7.75579
14.1586	8.01417
14.9316	8.09066
16.1363	8.567
16.9652	8.67833
18.1092	8.29432
3.00647	8.68771
4.60877	12.872
4.60524	8.23179
5.48965	7.84879
6.45598	7.90798
7.51119	8.01167
8.9083	7.857
9.37787	7.97493
10.0885	8.72944
11.5144	8.5936
12.3716	8.72081
13.3732	8.96305
17.8341	12.2729
15.58	9.48617
16.5245	9.3028
17.8385	9.25832
3.83149	9.71814
4.32284	8.91697
5.26845	8.75234
6.24573	8.9218
7.44448	8.91386
8.16776	8.71148
9.34484	8.82678
16.3716	11.6707
10.8852	9.57583
15.503	12.3014
12.9656	10.1347
13.9304	9.70733
14.8164	10.0266
14.6556	12.6291
17.1912	10.3777
18.6682	9.85528
3.70006	10.6044
4.6678	10.0808
12.4318	12.7596
6.00184	9.85664
6.86807	10.069
7.87092	9.77873
9.00294	9.76164
9.82447	10.2158
10.948	10.4482
11.8095	10.8156
12.5997	10.7921
13.6941	10.6734
14.6218	10.271
15.4808	10.0482
17.6266	10.9896
18.407	11.0198
4.35564	11.1786
4.58919	10.8457
5.77829	10.8288
6.35783	10.7821
7.44689	10.6143
8.38355	10.4983
9.31663	11.0984
10.2005	11.1591
11.2697	11.48
12.1825	11.6972
13.3132	11.5747
14.3016	11.6565
15.5978	11.2711
11.4691	12.6185
18.4	11.2928
19.3767	11.3662
3.8037	11.9776
4.98964	12.0417
6.0091	11.9309
6.4257	11.6742
7.44972	11.8484
10.814	11.9748
