-0.186139	0.292226
0.813186	0.112761
1.98038	0.181303
2.90454	-0.156381
4.18873	-0.292003
4.80918	-0.840965
6.41705	-0.451146
7.24506	-0.185637
7.9928	0.0629266
8.89038	0.670662
9.65559	0.399761
10.5859	0.288439
11.6547	0.402535
12.6972	0.287433
13.6801	0.392373
14.5914	0.0443066
19.3792	12.9368
1.52087	0.593301
2.65913	0.61467
3.82851	0.380978
4.62172	0.471886
5.56083	-0.218004
6.84596	0.482748
7.77968	0.513001
8.75082	0.97474
9.54305	1.46872
10.5815	1.51368
11.6794	1.24055
12.5704	1.21108
13.1626	1.13991
14.1245	1.19927
18.4017	13.0231
-0.171576	1.68524
0.809092	1.21122
17.2759	13.149
3.3383	1.45713
4.32398	1.32275
5.41042	0.817458
7.10526	0.966919
7.7447	0.916697
8.30762	1.56906
8.50637	2.20913
10.1325	2.27155
10.9446	2.37673
12.2678	2.17534
13.1444	2.07752
16.4504	13.0488
14.7307	1.83339
0.751668	2.47391
2.74784	3.39726
3.19387	2.41266
4.63543	2.15667
5.41568	1.71538
6.27078	1.29481
7.12163	1.87139
7.77211	2.56941
8.60606	3.21094
9.61857	3.28776
10.8461	3.0955
11.6831	2.99472
12.6608	2.95737
13.6583	2.76151
14.7927	2.90364
15.6783	2.62494
0.35324	3.40828
2.23743	4.52195
3.11814	3.75472
3.97869	3.30536
5.47373	2.83024
6.72698	2.98381
7.74495	3.1153
8.73723	3.16171
9.04444	3.95256
15.3627	13.198
10.5021	4.06417
11.2779	4.0673
12.2464	3.95756
13.1577	3.78387
14.3118	3.41768
15.4337	3.51028
1.22433	4.19151
2.40593	4.37883
4.26033	3.97765
5.075	3.67225
6.16382	3.66605
7.2117	3.93118
8.07832	3.98911
8.94119	4.28388
9.81257	4.66812
10.9207	5.06741
14.3584	13.2173
11.8608	4.78504
13.0607	5.49555
14.065	4.53202
14.8192	4.71202
15.816	4.49521
1.80726	4.83941
2.49361	5.34831
3.34564	4.52796
4.71215	4.67242
5.97303	4.56729
6.29074	4.65746
8.92267	4.28184
9.948	4.55945
10.9107	4.59903
10.7109	5.26709
11.6964	5.35455
12.8407	5.40137
12.4016	5.54031
13.9698	5.7783
13.4693	13.083
12.5078	13.7128
2.36639	5.49247
3.29852	5.45103
4.39974	5.1622
5.46196	5.66062
8.59352	12.3421
7.7095	12.7072
9.23695	5.16754
10.3415	5.3228
11.3448	6.01655
11.5494	6.04594
6.67291	12.7089
13.7599	5.95114
13.7153	6.87251
14.7377	6.34338
17.0759	6.83198
17.2056	5.74044
2.22872	6.58526
3.1401	6.15455
3.99716	6.26382
5.21413	6.4567
6.14135	6.60801
7.85832	6.3459
8.91148	5.85615
9.84816	6.03239
10.7705	6.36401
12.0135	6.98044
12.6602	7.01322
13.8227	7.06247
14.7704	6.85652
15.3932	7.3817
16.4592	7.73414
17.3051	7.713
3.17771	8.19438
3.8366	6.74295
4.59153	7.17997
5.78041	7.33359
7.26439	7.03633
8.31657	7.27299
9.20231	6.8281
5.66912	12.7085
11.3033	7.19827
12.0897	7.77712
13.1423	7.75853
14.3156	8.00852
15.0863	8.10739
16.2776	8.61632
17.0989	8.77467
18.2299	8.35398
3.14903	8.73107
4.81695	12.8718
4.72895	8.23593
5.58987	7.80273
6.5555	7.87294
7.61081	7.97634
9.083	7.83802
9.48769	7.94516
10.1956	8.70224
11.6478	8.58702
12.5058	8.70979
13.5018	8.97399
18.038	12.2751
15.7365	9.54451
16.6779	9.34565
17.9904	9.32624
3.99529	9.74414
4.48638	8.93619
5.42099	8.71753
6.39149	8.92242
7.5902	8.90803
8.29517	8.64907
9.46856	8.79744
16.5407	11.6455
10.9903	9.5505
15.6978	12.3102
13.1369	10.1596
14.0856	9.69768
14.9552	10.0591
14.8532	12.6447
17.3713	10.4035
18.8351	9.90209
3.88241	10.633
4.83957	10.0903
12.6377	12.749
6.1772	9.8645
7.04329	10.0774
8.03848	9.76185
9.18511	9.75166
10.0071	10.2049
11.1355	10.4131
12.0086	10.8021
12.7691	10.7908
13.8659	10.6976
14.7778	10.2604
15.6341	10.0278
17.82	11.0057
18.5982	11.0718
4.55696	11.1849
4.76928	10.856
5.95836	10.8377
6.53272	10.7902
7.6219	10.6228
8.55471	10.4789
9.48699	11.0804
10.3699	11.1534
11.4467	11.448
12.3517	11.6958
13.4825	11.5735
14.4681	11.6841
15.7652	11.2492
11.6795	12.5801
18.5996	11.2925
19.5727	11.4044
3.97868	11.965
5.19914	12.042
6.21888	11.9331
6.67163	11.6766
7.69495	11.8548
11.0212	11.9395
