-0.196772	0.294377
0.799932	0.117674
1.96611	0.202065
2.92025	-0.162738
4.22286	-0.269978
4.83888	-0.802738
6.4353	-0.347762
7.26964	-0.102834
8.02536	0.120311
8.95795	0.672812
9.64224	0.395789
10.5762	0.283455
11.6453	0.394406
12.6877	0.277022
13.6693	0.393427
14.5808	0.0459787
19.6038	12.9387
1.52556	0.570718
2.66358	0.604671
3.83633	0.388246
4.62305	0.525486
5.56914	-0.154812
6.87663	0.580328
7.81083	0.581805
8.78975	1.02682
9.61134	1.47027
10.6383	1.52896
11.7291	1.22861
12.6203	1.20692
13.1514	1.14042
14.1133	1.2007
18.6263	13.0244
-0.17484	1.67641
0.769947	1.13427
17.5	13.1499
3.33033	1.45707
4.32175	1.3751
5.4173	0.858604
7.1358	1.00763
7.78877	0.985388
8.36955	1.6219
8.49439	2.25006
10.1852	2.28439
10.9975	2.3874
12.313	2.18561
13.1883	2.07735
16.6733	13.0399
14.7277	1.82711
0.801922	2.39782
2.80217	3.38405
3.29677	2.42292
4.65896	2.17806
5.44968	1.75594
6.29176	1.31004
7.12492	1.91218
7.78944	2.59708
8.61505	3.24957
9.67529	3.30264
10.9011	3.10647
11.7378	3.00322
12.7153	2.96286
13.7103	2.75511
14.8452	2.89285
15.7416	2.61308
0.409803	3.40089
2.23741	4.48247
3.17691	3.78848
4.04234	3.34871
5.53696	2.79908
6.78794	2.97041
7.80407	3.1157
8.79803	3.16333
9.11837	3.94896
15.5859	13.1914
10.5601	4.07757
11.3359	4.07699
12.3042	3.96431
13.2133	3.77923
14.3662	3.40887
15.4894	3.4962
1.28798	4.17633
2.47132	4.35239
4.32991	3.9465
5.14401	3.63944
6.23285	3.63007
7.2709	3.93158
8.13758	3.9895
8.99555	4.2985
9.86512	4.68704
10.9746	5.08252
14.5816	13.2139
11.9211	4.79294
13.1741	5.54054
14.1251	4.52449
14.8802	4.70064
15.8629	4.48445
1.88681	4.80972
2.57165	5.32063
3.41247	4.49221
4.7832	4.64033
6.04379	4.53166
6.32518	4.6253
9.04358	4.26289
10.0685	4.54211
11.0311	4.58321
10.7486	5.30815
11.7377	5.33076
12.8815	5.38984
12.5142	5.50783
14.097	5.77411
13.6927	13.0778
12.7226	13.6943
2.46244	5.44843
3.39493	5.41632
4.49666	5.12939
5.53582	5.6264
8.87208	12.364
7.98484	12.7213
9.35647	5.14908
10.4606	5.30599
11.4229	6.02192
11.6364	6.03027
6.89942	12.7211
13.8125	5.91938
13.7389	6.83892
14.8529	6.35533
17.2287	6.90662
17.3031	5.70221
2.33113	6.542
3.24004	6.1061
4.09217	6.23031
5.30829	6.42849
6.23477	6.5843
7.97371	6.32026
9.02994	5.83719
9.96633	6.01489
10.868	6.3559
12.1701	6.92671
12.8146	6.99207
13.9778	7.02015
14.9024	6.7274
15.5317	7.37858
16.5784	7.78485
17.4245	7.79566
3.28385	8.27139
3.93909	6.69164
4.68219	7.14869
5.87032	7.30812
7.36421	6.99697
8.43032	7.24817
9.31923	6.8096
5.89559	12.7154
11.3833	7.20101
12.2065	7.72631
13.3104	7.72849
14.4882	7.95697
15.2493	8.11416
16.419	8.67133
17.2224	8.9047
18.3401	8.44979
3.27954	8.80883
5.04274	12.8748
4.86523	8.2551
5.68989	7.75637
6.65506	7.83335
7.71042	7.93706
9.2673	7.82521
9.62361	7.92164
10.3366	8.67397
11.7761	8.54237
12.6357	8.65307
13.6202	8.95759
18.2511	12.2665
15.8953	9.60941
16.8328	9.39309
18.1305	9.42893
4.14668	9.80409
4.67773	8.97206
5.59257	8.68156
6.55277	8.93042
7.75145	8.91246
8.42417	8.5786
9.59077	8.77349
16.7133	11.5807
11.1362	9.51765
15.9192	12.303
13.3271	10.1631
14.2463	9.64504
15.0841	10.0752
15.0752	12.6392
17.5513	10.4341
18.99	9.98279
4.05254	10.6951
4.99823	10.1327
12.8656	12.7324
6.37389	9.87988
7.23886	10.0972
8.22446	9.75292
9.37689	9.74569
10.2038	10.19
11.3372	10.369
12.2356	10.7832
12.9533	10.7838
14.0515	10.7073
14.9339	10.2134
15.7865	9.9674
18.0069	11.0312
18.7777	11.1571
4.75047	11.2175
4.97305	10.9012
6.16135	10.8545
6.72476	10.8074
7.81479	10.6455
8.74205	10.4691
9.67936	11.0628
10.562	11.1403
11.6466	11.4045
12.5402	11.6907
13.6704	11.5632
14.6535	11.6939
15.9367	11.1866
11.9141	12.5289
18.8003	11.2769
19.7639	11.4533
4.08032	11.9202
5.42875	12.0467
6.44919	11.943
6.95459	11.6903
7.97787	11.8687
11.2472	11.8971
