0.031892	0.304364
0.862697	0.131344
2.0275	0.231749
2.80495	0.162395
4.05563	0.144614
4.93968	-0.168973
6.00452	-0.172524
6.8739	-0.166376
7.66169	-0.174017
8.72321	0.0452355
9.96488	0.102992
10.7964	0.179625
11.8712	0.163566
12.9147	0.26676
13.8994	0.187129
14.8433	-0.0590732
15.3958	12.8791
1.33826	0.842361
2.47503	0.901167
3.663	0.799296
4.44562	0.955271
5.55243	0.590979
6.33881	0.799352
7.26964	0.718745
8.34221	0.796926
9.2675	0.920757
10.2544	0.964927
11.3791	0.842374
12.2656	0.935861
13.3027	0.873775
14.2521	1.03748
14.4145	12.8576
-0.0418185	1.66318
1.04457	1.73793
13.2829	12.8585
3.0558	1.81409
4.04939	1.76498
4.84931	1.71545
5.97219	1.83734
6.93437	1.60019
7.77588	1.78539
9.02384	1.85475
9.83455	1.73929
10.6411	1.88082
12.0484	1.7108
12.9301	1.73485
12.5574	12.9112
14.8494	1.67912
0.368156	2.80591
1.34666	2.15458
2.37194	2.49682
3.55779	2.41887
4.44877	2.51919
5.40181	2.52909
6.42531	2.62029
7.35385	2.83866
8.38553	2.63337
9.22873	2.70355
10.5102	2.59433
11.3509	2.53189
12.3294	2.53969
13.3445	2.48336
14.4707	2.68149
15.34	2.48367
-0.0333945	3.29623
0.80215	3.26315
1.97019	3.26819
2.8949	3.56415
3.78245	3.47041
5.04477	3.45304
6.071	3.45288
6.95652	3.38157
7.79644	3.26176
11.4627	12.8318
10.1309	3.45812
10.8963	3.58482
11.8687	3.5197
12.7951	3.48036
13.9652	3.17074
15.0427	3.35317
0.438087	4.36795
1.62134	4.1924
2.55055	4.27677
3.41487	4.17863
4.49845	4.28419
5.57924	4.29463
6.44754	4.30877
7.35316	4.20459
8.30494	4.17997
9.47397	4.32418
10.4682	12.9698
11.4456	4.32866
12.2459	4.52813
13.6107	4.25563
14.344	4.50824
15.3658	4.35902
0.121515	5.17947
0.914759	4.86196
1.8805	5.10774
2.81961	5.06055
4.08402	5.10706
4.85557	5.21768
5.98453	5.09362
7.03402	5.25775
7.99526	5.19203
9.03884	4.97129
9.95297	5.34954
10.9911	4.86592
11.9412	5.11432
12.8603	5.25522
9.60733	12.7112
8.4957	13.0038
0.44755	5.97447
1.37606	5.88229
2.51194	5.95873
3.44561	6.13139
4.5684	12.8627
3.61212	12.8462
6.39389	5.93958
7.50828	5.97349
8.61223	5.85499
9.60576	5.96536
2.5081	12.8825
11.5082	5.80372
12.3205	6.24061
13.4283	6.02085
14.5166	5.99131
15.2565	5.97415
0.0506845	7.00196
1.03886	6.80301
1.77975	6.87505
3.01143	6.84327
3.93531	7.01374
5.01195	6.91412
6.14523	6.6595
7.09557	6.7328
7.92905	7.01808
9.14321	6.90067
9.77807	6.77461
10.9416	6.76199
11.8437	7.11824
12.8892	7.12389
13.9988	6.95373
14.8375	6.84311
0.518391	7.86427
1.50277	7.58744
2.37399	7.55373
3.55928	7.73165
4.54385	7.69545
5.56796	7.78602
6.54017	7.59401
1.50978	12.7788
8.4553	7.85645
9.41076	7.65481
10.2989	7.49294
11.4835	7.6809
12.255	7.59136
13.5428	7.73044
14.3693	7.60337
15.5726	7.6948
0.231193	8.31856
0.645133	12.8525
2.00717	8.7304
2.95837	8.57469
3.92603	8.60153
4.9859	8.59445
6.15426	8.53505
6.92361	8.68126
7.93915	8.47428
9.0203	8.49096
9.88417	8.5597
10.9137	8.60114
13.9936	11.9423
12.9428	8.62179
13.8951	8.48408
14.9479	8.47728
0.633363	9.57578
1.56623	9.32612
2.52343	9.39686
3.5132	9.33364
4.7112	9.37376
5.4605	9.42811
6.64172	9.48578
13.0477	12.0207
8.45921	9.51377
11.9744	12.0327
10.368	9.71502
11.3774	9.40692
12.3146	9.31506
11.0787	12.1853
14.4777	9.60666
15.4873	9.34528
0.193598	10.3564
1.28458	10.2135
8.9249	12.1312
3.10328	10.2084
3.96748	10.4294
5.00246	10.2926
5.93008	10.1817
6.86339	10.2806
8.01076	10.2649
8.92987	10.4277
9.98059	10.3305
11.08	10.275
12.0507	9.99203
12.9308	10.1052
14.0542	10.2269
14.827	10.3395
0.597783	11.1281
1.30009	10.9822
2.48925	10.9946
3.44966	11.1373
4.54029	10.9812
5.48258	11.0338
6.56927	11.2558
7.44339	11.1137
8.55632	11.198
9.49445	11.2005
10.6314	11.166
11.6141	11.2997
12.5838	11.2837
7.95363	12.1846
14.4979	10.9291
15.45	11.1594
0.0842474	11.9524
1.11163	12.0673
2.13691	12.0641
2.90687	11.9303
3.93768	12.0582
7.04498	12.0531
