-0.18768	0.331529
0.77497	0.13865
1.94091	0.226931
2.94155	-0.177412
4.26147	-0.238378
4.87519	-0.7482
6.44946	-0.21834
7.29292	-0.00689256
8.05918	0.17686
9.03679	0.64511
9.65743	0.365451
10.5855	0.257533
11.655	0.365043
12.6981	0.253884
13.6769	0.393189
14.5948	0.0630922
19.8798	12.963
1.52536	0.549487
2.66351	0.582564
3.84204	0.399386
4.61666	0.595506
5.57498	-0.0674637
6.90495	0.702884
7.83852	0.668708
8.83452	1.07403
9.69349	1.43985
10.7252	1.5194
11.8074	1.18948
12.699	1.18627
13.1449	1.13004
14.1056	1.20883
18.9008	13.0301
-0.166816	1.67429
0.733129	1.06042
17.7727	13.134
3.30598	1.45349
4.30068	1.43977
5.41402	0.922336
7.16056	1.06042
7.83201	1.07254
8.43611	1.68697
8.52393	2.29351
10.2537	2.26349
11.0659	2.36702
12.3856	2.16326
13.2615	2.06025
16.9357	13.0128
14.7349	1.82073
0.863129	2.31761
2.78343	3.36812
3.30264	2.42001
4.68481	2.22042
5.48526	1.81744
6.30742	1.33612
7.12168	1.9642
7.80556	2.6303
8.6214	3.29557
9.74154	3.2806
10.9692	3.08608
11.806	2.98311
12.7833	2.94288
13.7795	2.74107
14.9143	2.87802
15.8223	2.60221
0.479971	3.39687
2.18993	4.45133
3.23986	3.93962
4.02273	3.36582
5.59396	2.79502
6.84375	2.97529
7.85897	3.12714
8.85427	3.16887
9.17976	3.95237
15.8473	13.1579
10.6281	4.05349
11.4039	4.05675
12.3723	3.94426
13.2827	3.76528
14.4357	3.39456
15.5583	3.48176
1.35642	4.17449
2.53935	4.35319
4.40355	3.95936
5.21344	3.64113
6.30209	3.61565
7.33127	3.94651
8.19844	3.99871
9.05566	4.31022
9.93063	4.68681
11.0493	5.05569
14.843	13.1834
11.9891	4.77279
13.2951	5.57217
14.1946	4.51023
14.9496	4.68641
15.9183	4.47502
1.96738	4.79638
2.6416	5.32124
3.48021	4.495
4.86642	4.64686
6.12528	4.51969
6.36625	4.6131
9.14005	4.25477
10.1667	4.52749
11.1295	4.56251
10.8071	5.31865
11.7954	5.27353
12.9374	5.36146
12.6511	5.42438
14.2284	5.75977
13.9539	13.0477
12.9755	13.6509
2.55645	5.42292
3.48949	5.41923
4.59296	5.13908
5.63345	5.62174
9.17596	12.3957
8.28268	12.7375
9.4584	5.13902
10.5637	5.28892
11.5247	5.98983
11.7422	5.97829
7.12175	12.7448
13.8782	5.8735
13.7829	6.79105
14.9625	6.36837
17.3904	7.00698
17.3978	5.67919
2.42788	6.51681
3.33577	6.07877
4.18171	6.23749
5.39997	6.42208
6.32526	6.58476
8.07801	6.30769
9.13631	5.82922
10.0738	6.00087
10.9487	6.34722
12.3452	6.82951
12.9837	6.94153
14.1474	6.95356
15.04	6.5742
15.6672	7.37408
16.6873	7.84349
17.5312	7.9064
3.37735	8.39189
4.03686	6.66209
4.7685	7.13754
5.95542	7.30585
7.45432	6.97134
8.54024	7.23281
9.43187	6.79974
6.1178	12.7368
11.446	7.2031
12.3243	7.62985
13.4901	7.67102
14.6713	7.88313
15.412	8.11956
16.5532	8.73415
17.3267	9.05377
18.435	8.57664
3.38446	8.9293
5.26493	12.8953
5.0185	8.30766
5.78735	7.72661
6.75179	7.81327
7.80802	7.90864
9.45113	7.8165
9.77918	7.89914
10.5077	8.63649
11.9005	8.44938
12.761	8.55323
13.7254	8.91659
18.481	12.2159
16.0486	9.68264
16.9815	9.4474
18.2456	9.5599
4.26529	9.91247
4.90583	9.04009
5.78591	8.65697
6.73347	8.95048
7.93206	8.92501
8.55708	8.50869
9.71518	8.7492
16.8938	11.4645
11.3244	9.46366
16.1859	12.2714
13.5439	10.1439
14.4118	9.54399
15.1954	10.0663
15.3399	12.6024
17.711	10.4807
19.1112	10.1049
4.18404	10.8048
5.12185	10.2293
13.1315	12.691
6.59811	9.90716
7.46236	10.1273
8.43499	9.748
9.58813	9.73652
10.4242	10.1634
11.5628	10.3053
12.4963	10.7445
13.1625	10.7534
14.2619	10.6968
15.0927	10.1203
15.9396	9.85555
18.1606	11.0825
18.9156	11.2822
4.8992	11.3042
5.19234	10.9949
6.37596	10.8796
6.94604	10.8358
8.03663	10.6773
8.95567	10.462
9.90371	11.0385
10.7868	11.1121
11.8799	11.3386
12.7596	11.6649
13.8883	11.5247
14.8677	11.6812
16.1168	11.0712
12.188	12.4525
18.9826	11.2013
19.934	11.4346
4.1329	11.9005
5.65162	12.0673
6.67263	11.9657
7.26453	11.7224
8.29045	11.885
11.5067	11.8361
