-0.219913	0.325166
0.666167	0.123056
1.83098	0.226476
2.92417	-0.202576
4.23521	-0.148888
4.87284	-0.587232
6.36827	0.178789
7.22754	0.31218
8.00996	0.405868
9.06002	0.674851
9.6288	0.393155
10.5509	0.2858
11.6221	0.374557
12.6654	0.263636
13.6449	0.398438
14.5609	0.0631886
20.0999	12.9607
1.4399	0.487764
2.57767	0.528578
3.76822	0.454918
4.49244	0.79395
5.48083	0.176657
6.82101	1.1014
7.7545	1.06448
8.80728	1.28358
9.72334	1.46408
10.796	1.5297
11.8706	1.17536
12.762	1.19106
13.1169	1.13791
14.0782	1.21179
19.1214	13.0336
-0.199132	1.67119
0.620302	0.953425
17.9938	13.1441
3.137	1.45487
4.11893	1.61438
5.22252	1.2529
6.87942	1.43852
7.72046	1.53388
8.41606	2.0424
8.45245	2.49096
10.3135	2.26669
11.1269	2.35965
12.4772	2.12149
13.3557	2.04429
17.1618	13.0225
14.7042	1.82749
0.900913	2.18572
3.37947	2.99415
2.59249	2.25318
4.55801	2.80267
5.17198	2.14946
6.05215	1.78417
6.91671	2.34237
7.68507	2.91024
8.56357	3.49163
9.8383	3.30159
11.0397	3.07993
11.8751	2.96584
12.8518	2.91245
13.8534	2.73994
14.9899	2.86138
15.9009	2.57436
0.564138	3.36561
4.27272	3.84712
3.84232	2.76128
3.69211	1.80204
5.61797	2.9841
6.87969	3.03495
7.90518	3.0814
9.17989	3.20133
9.22248	4.04869
16.0733	13.1673
10.713	4.08793
11.4876	4.04475
12.4544	3.91928
13.3703	3.77058
14.5184	3.3846
15.6429	3.45555
1.48805	4.08651
2.68099	4.17797
4.53985	3.69273
5.39997	3.56178
6.48654	3.63224
7.51212	3.97321
8.3765	3.88931
9.22314	4.22781
10.0571	4.68764
11.1696	5.07448
15.0694	13.2099
12.0824	4.75287
13.4158	5.58345
14.2939	4.50378
15.0515	4.6687
16.0095	4.44638
2.11156	4.69599
2.84287	5.13784
3.62977	4.2508
4.83869	4.46572
6.10393	4.47011
6.54065	4.63031
9.34828	4.2577
10.3691	4.55146
11.3311	4.60593
10.9317	5.3229
11.9184	5.25087
13.059	5.35507
12.8008	5.34179
14.3527	5.75246
14.1798	13.0778
13.1858	13.655
2.71302	5.31083
3.63614	5.17511
4.73957	4.89485
5.50027	5.51505
9.5035	12.4907
8.58371	12.7529
9.64849	5.14827
10.7504	5.32055
11.6666	5.97597
11.8844	5.95681
7.30553	12.7751
14.0017	5.8637
13.9	6.78057
15.066	6.38554
17.5419	7.06492
17.5528	5.56099
2.57771	6.40393
3.48833	5.97164
4.32844	5.99332
5.50826	6.34869
6.4361	6.4962
8.23961	6.27675
9.31243	5.83177
10.2462	6.02247
11.0803	6.39729
12.5169	6.78632
13.15	6.9277
14.314	6.93212
15.1906	6.51734
15.7981	7.37158
16.804	7.87084
17.6445	7.96951
3.50041	8.44052
4.17554	6.57145
4.8887	7.07444
6.0782	7.22327
7.58703	6.91199
8.68259	7.21125
9.58818	6.80812
6.30202	12.7354
11.5331	7.27754
12.4599	7.58508
13.6617	7.65385
14.8445	7.8581
15.5744	8.12716
16.7028	8.76585
17.4594	9.12454
18.5583	8.62625
3.51428	8.9778
5.44469	12.8676
5.20505	8.33757
5.90245	7.67249
6.86844	7.74025
7.92274	7.85588
9.63207	7.82411
9.95386	7.90154
10.6902	8.63111
12.0384	8.40583
12.8992	8.50733
13.849	8.90758
18.6806	12.2098
16.2174	9.72432
17.1454	9.47032
18.3883	9.61311
4.408	9.94928
5.17671	9.07805
6.00735	8.59701
6.93168	8.9573
8.13054	8.94788
8.68409	8.44037
9.82719	8.74453
17.0517	11.4187
11.5163	9.44896
16.4122	12.2809
13.7644	10.1455
14.5824	9.47926
15.3376	10.042
15.5661	12.6115
17.8838	10.4973
19.2565	10.1548
4.3391	10.8426
5.26928	10.2549
13.3669	12.6996
6.85388	9.92041
7.71057	10.1684
8.66682	9.74963
9.796	9.73954
10.6349	10.1611
11.7756	10.2844
12.752	10.7508
13.3694	10.7705
14.4688	10.7158
15.2489	10.0723
16.094	9.80171
18.332	11.1001
19.077	11.3346
5.06176	11.332
5.43035	11.0067
6.61369	10.8885
7.17175	10.8599
8.26693	10.7365
9.17358	10.4737
10.126	11.043
11.01	11.1049
12.1067	11.3134
12.9691	11.6831
14.0974	11.5397
15.0763	11.6994
16.2795	11.0161
12.4341	12.4217
19.1584	11.1838
20.0997	11.4549
4.27014	11.8942
5.85645	12.0518
6.8805	11.9824
7.63305	11.7962
8.66613	11.9043
11.7471	11.8116
