-0.23519	0.407955
0.605245	0.176647
1.76701	0.314302
2.90426	-0.217116
4.26258	-0.102472
4.93296	-0.484957
6.36148	0.382073
7.22691	0.468511
8.01359	0.517007
9.0881	0.661109
9.67216	0.365206
10.5334	0.282349
11.606	0.352499
12.6531	0.284795
13.6286	0.447508
14.5503	0.127981
20.3749	13.0321
1.41103	0.464277
2.54897	0.509687
3.74145	0.455279
4.43794	0.857395
5.4756	0.326767
6.83746	1.29293
7.77004	1.23743
8.83716	1.37015
9.76853	1.43598
10.971	1.53275
12.011	1.08684
12.8973	1.18494
13.0879	1.1774
14.0483	1.26831
19.3953	13.0883
-0.180614	1.6673
0.558401	0.86671
18.2677	13.1781
3.09377	1.44461
4.06121	1.67635
5.16457	1.33009
6.82456	1.53938
7.73782	1.72353
8.45751	2.19732
8.46092	2.57105
10.4019	2.20526
11.2172	2.2794
12.6768	1.95978
13.5583	1.98775
17.4608	13.0172
14.7235	1.8306
0.967996	2.06219
3.31058	3.07718
2.59151	2.27014
4.56254	2.93815
5.10731	2.22623
5.99224	1.87268
6.85392	2.44352
7.64416	2.98849
8.52406	3.57591
9.94082	3.24652
11.1471	3.00163
11.9795	2.8674
12.9545	2.78976
13.9693	2.73777
15.1079	2.8325
16.0141	2.53779
0.686007	3.32376
4.13298	3.99866
3.78993	2.88213
3.72529	1.91339
5.63491	3.01912
6.89749	3.04194
7.92381	3.06522
9.29177	3.23711
9.22764	4.08311
16.367	13.1167
10.8443	3.99967
11.6188	3.95542
12.5822	3.80624
13.5097	3.77889
14.649	3.36731
15.7657	3.42151
1.59337	4.06577
2.7849	4.17377
4.63224	3.68501
5.48223	3.49954
6.56884	3.56889
7.57093	3.97365
8.4307	3.85137
9.26893	4.2102
10.0925	4.68833
11.2231	5.01861
15.3639	13.1757
12.2312	4.64879
13.5388	5.55162
14.4377	4.4893
15.197	4.64532
16.1425	4.40851
2.22668	4.66547
2.94076	5.13465
3.73255	4.25963
4.97971	4.4374
6.24495	4.43114
6.56013	4.56841
9.48749	4.26638
10.5092	4.55719
11.4712	4.60929
10.9844	5.30706
11.9639	5.16687
13.0925	5.36215
12.9782	5.20155
14.4726	5.73924
14.4712	13.0642
13.4517	13.5949
2.8404	5.26844
3.76954	5.1832
4.87502	4.91111
5.65012	5.4811
9.89211	12.5501
8.95369	12.7346
9.79041	5.15603
10.8927	5.3256
11.777	5.89669
11.9785	5.87341
7.5006	12.8191
14.0529	5.8367
13.9981	6.75753
15.1324	6.4286
17.7198	7.26231
17.6814	5.52359
2.71056	6.3622
3.61914	5.92562
4.45577	6.0065
5.64876	6.31476
6.57442	6.47537
8.37847	6.27374
9.456	5.84034
10.3903	6.02878
11.1685	6.41744
12.714	6.61275
13.325	6.84334
14.491	6.86008
15.3116	6.3432
15.8968	7.39043
16.8708	7.95023
17.6879	8.17217
3.57353	8.60924
4.3129	6.51826
5.01897	7.03161
6.20623	7.19729
7.70761	6.88964
8.82333	7.20734
9.73411	6.81602
6.49517	12.7824
11.5767	7.31925
12.55	7.39742
13.8336	7.57446
15.0169	7.79074
15.7085	8.15574
16.809	8.84886
17.5298	9.28287
18.6299	8.78845
3.55945	9.14651
5.6406	12.9261
5.4293	8.39536
6.02713	7.63957
6.99223	7.72065
8.04708	7.83218
9.81994	7.82934
10.1805	7.87906
10.955	8.56799
12.1139	8.21062
12.9725	8.32803
13.8665	8.84184
18.9019	12.2074
16.357	9.82345
17.2757	9.53777
18.4611	9.77588
4.47588	10.0966
5.50431	9.13256
6.25994	8.54061
7.15061	8.97791
8.34938	8.95628
8.83371	8.38231
9.97165	8.70552
17.1298	11.244
11.8236	9.34057
16.7425	12.2452
14.0523	10.0692
14.7063	9.24158
15.422	9.85361
15.8832	12.5399
18.0372	10.5479
19.3295	10.3256
4.43342	10.9915
5.34936	10.3818
13.6765	12.6487
7.17354	9.94401
8.02612	10.2058
8.94672	9.71377
10.0657	9.69661
10.9198	10.0863
12.0633	10.1821
13.102	10.7017
13.6223	10.7304
14.722	10.6804
15.3342	9.87546
16.1754	9.59313
18.4922	11.1457
19.1833	11.5097
5.16696	11.4726
5.74584	11.0406
6.92796	10.9108
7.47636	10.8885
8.57346	10.7826
9.45256	10.4385
10.4237	10.9755
11.3086	11.0247
12.4101	11.2059
13.2372	11.6494
14.363	11.4875
15.34	11.6579
16.3778	10.8048
12.7655	12.3057
19.3227	11.1568
20.2114	11.5689
4.34113	11.9833
6.03995	12.1028
7.0668	12.0281
8.06958	11.9578
9.10645	11.8958
12.0683	11.7071
