-0.292436	0.424912
0.54989	0.182607
1.70958	0.345365
2.85379	-0.227547
4.26726	-0.0551916
4.96993	-0.398759
6.36116	0.493879
7.22882	0.559417
8.0164	0.598877
9.09549	0.707253
9.70548	0.379364
10.4766	0.315632
11.5504	0.362394
12.5999	0.342762
13.5733	0.52013
14.4856	0.174754
20.5725	13.0681
1.36354	0.447973
2.50169	0.500484
3.69621	0.451289
4.39312	0.871429
5.47497	0.437048
6.87504	1.38391
7.80759	1.32765
8.87964	1.41185
9.81262	1.44909
11.1151	1.55231
12.1006	0.995942
12.9694	1.19989
13.0532	1.26447
14.0165	1.32899
19.5949	13.1518
-0.154581	1.65818
0.477136	0.770089
18.4683	13.275
3.0434	1.43722
4.00663	1.68583
5.12594	1.35165
6.79489	1.57225
7.76851	1.8286
8.49998	2.284
8.47273	2.60271
10.4938	2.1772
11.3099	2.23733
12.8205	1.86984
13.6995	1.94207
17.7371	13.0477
14.7482	1.81742
1.03534	1.90351
3.29642	3.13944
2.6127	2.30225
4.6048	3.01234
5.07329	2.24807
5.96058	1.90056
6.83025	2.47618
7.63424	3.01749
8.52307	3.60828
10.0483	3.22525
11.2533	2.96091
12.0831	2.81047
13.0562	2.71271
14.0722	2.71248
15.212	2.78582
16.1489	2.47629
0.808862	3.27043
4.0787	4.09522
3.78819	2.96389
3.76046	1.9934
5.68021	3.0208
6.943	3.02946
7.96955	3.04094
9.39343	3.26814
9.24628	4.10371
16.6394	13.0968
10.9707	3.95513
11.7449	3.90555
12.705	3.73664
13.6323	3.76207
14.7637	3.33017
15.8868	3.35558
1.70954	4.02148
2.90007	4.13978
4.73448	3.6411
5.57325	3.41022
6.65946	3.48501
7.6325	3.95533
8.49	3.8182
9.31791	4.20025
10.1282	4.70053
11.2671	5.00103
15.6374	13.178
12.3723	4.58645
13.6707	5.50712
14.5848	4.45835
15.3479	4.59247
16.2474	4.34865
2.35763	4.60609
3.05418	5.10093
3.84689	4.23417
5.12189	4.37374
6.38712	4.36489
6.58452	4.48178
9.6946	4.31865
10.7115	4.62584
11.6726	4.69341
11.0346	5.31456
12.024	5.315
13.1627	5.4386
13.1254	5.13209
14.6022	5.70952
14.74	13.111
13.6969	13.5937
2.98916	5.1913
3.92152	5.15545
5.02662	4.88185
5.79446	5.41606
10.2506	12.6125
9.30225	12.736
9.98294	5.21313
11.0825	5.40029
11.8539	5.88213
11.9386	6.01659
7.71252	12.8246
14.1619	5.82479
14.1716	6.74718
15.2292	6.4306
17.8754	7.35635
17.8318	5.45281
2.86632	6.28586
3.77239	5.84407
4.60889	5.97781
5.81072	6.24955
6.73374	6.42467
8.54699	6.29107
9.63772	5.89206
10.5689	6.09529
11.3029	6.50467
12.8266	6.56442
13.4351	6.82497
14.6056	6.84575
15.4233	6.3244
16.0009	7.38833
16.967	7.96367
17.7614	8.25965
3.68953	8.64018
4.47249	6.43016
5.16976	6.95642
6.35425	7.14072
7.84687	6.87347
8.97659	7.2318
9.90032	6.87203
6.70353	12.7815
11.6648	7.42598
12.638	7.34506
13.9509	7.55723
15.1392	7.77604
15.8306	8.15835
16.9329	8.86389
17.6508	9.31784
18.7441	8.81098
3.69245	9.17764
5.8529	12.9373
5.72093	8.46191
6.15519	7.60172
7.11948	7.69397
8.17277	7.82079
10.025	7.88132
10.381	7.91999
11.1809	8.57943
12.2029	8.15897
13.0615	8.27626
13.9353	8.82548
19.1038	12.3051
16.5111	9.85189
17.4207	9.53836
18.5962	9.80274
4.61672	10.1201
5.94163	9.16924
6.5639	8.43834
7.39541	8.98059
8.59456	8.96987
8.98694	8.32954
10.1018	8.72541
17.1508	11.1744
12.0778	9.31898
17.0548	12.2436
14.3667	9.99084
14.8385	9.04767
15.6165	9.57828
16.1824	12.4969
18.2294	10.5114
19.4723	10.3572
4.59259	11.0157
5.5032	10.3981
13.9651	12.6588
7.5289	9.93803
8.36806	10.2403
9.24837	9.67962
10.3577	9.68764
11.2142	10.0726
12.3591	10.1476
13.4206	10.7218
13.8802	10.7606
14.9766	10.6632
15.3974	9.74344
16.2414	9.46965
18.7127	11.087
19.3469	11.5435
5.33672	11.4976
6.09894	10.8842
7.28796	10.906
7.78686	10.896
8.88798	10.8419
9.73246	10.4195
10.7051	10.9542
11.5895	11.0165
12.6946	11.1754
13.4882	11.6767
14.6152	11.5232
15.6004	11.6386
16.4315	10.6834
13.0736	12.2673
19.5261	11.2551
20.3466	11.7901
4.5201	12.0229
6.23738	12.1044
7.27086	12.0319
8.50027	12.1575
9.50878	11.9088
12.3677	11.6784
