-0.316356	0.40814
0.512653	0.150692
1.67127	0.325302
2.81132	-0.252223
4.26954	-0.0289997
4.97883	-0.362159
6.36264	0.542704
7.23147	0.607352
8.01971	0.654804
9.10244	0.73333
9.73629	0.370607
10.4594	0.299144
11.5327	0.357027
12.5837	0.349122
13.5527	0.556191
14.4554	0.186367
20.8197	13.0701
1.32443	0.425037
2.46452	0.478002
3.6619	0.432849
4.37162	0.855873
5.4758	0.478949
6.9169	1.40817
7.85005	1.36245
8.92376	1.42221
9.85739	1.43887
11.2354	1.53202
12.1747	0.899932
13.026	1.17327
13.0527	1.31282
14.0195	1.35349
19.8447	13.18
-0.093876	1.66969
0.424266	0.709707
18.7203	13.3348
3.00453	1.41573
3.96834	1.66209
5.11255	1.34534
6.79309	1.58334
7.79752	1.87779
8.53417	2.32475
8.55597	2.62575
10.5829	2.12505
11.3987	2.18372
12.9175	1.80047
13.7959	1.87924
18.0265	13.0481
14.7985	1.76979
1.11852	1.76422
3.3318	3.173
2.66657	2.32103
4.6705	3.04707
5.06486	2.24204
5.9555	1.90317
6.83392	2.48704
7.64843	3.03395
8.5463	3.63257
10.1528	3.1795
11.3461	2.90788
12.1752	2.75156
13.1473	2.64497
14.1635	2.65406
15.3031	2.71943
16.3105	2.42319
0.914539	3.2519
4.09326	4.14545
3.84581	3.00394
3.81984	2.0334
5.74567	3.02223
7.00848	3.02891
8.03506	3.0387
9.48169	3.30767
9.2811	4.13204
16.9264	13.0844
11.074	3.91095
11.8474	3.8496
12.8054	3.67176
13.7318	3.70742
14.86	3.26906
15.987	3.28012
1.81903	4.0023
3.00829	4.13253
4.82969	3.6253
5.6599	3.36542
6.7462	3.43856
7.69683	3.95265
8.55449	3.81665
9.37222	4.21998
10.1737	4.7343
11.3282	4.96792
15.9227	13.1597
12.4833	4.52523
13.7846	5.44833
14.6996	4.40147
15.4641	4.52297
16.2735	4.29704
2.48638	4.56875
3.16027	5.09403
3.95414	4.23597
5.24232	4.34406
6.50748	4.32814
6.62601	4.4309
9.92891	4.44632
10.9361	4.78399
11.8947	4.8804
11.0906	5.35394
12.0789	5.30581
13.2133	5.46454
13.2413	5.06724
14.7173	5.65478
15.0218	13.1377
13.9713	13.6041
3.14123	5.13164
4.07406	5.15244
5.17267	4.85382
5.92073	5.38261
10.5685	12.643
9.61834	12.7518
10.1901	5.34909
11.2837	5.56921
11.918	5.92151
12.0339	6.01111
7.95793	12.7984
14.2168	5.83942
14.4219	6.73872
15.3322	6.39048
17.9955	7.35563
17.9861	5.40135
3.02743	6.22716
3.93105	5.78038
4.77994	5.95898
5.98549	6.21377
6.90369	6.41262
8.71897	6.37266
9.8247	6.01736
10.7493	6.24844
11.4663	6.68045
12.9006	6.60122
13.5263	6.8483
14.7016	6.8416
15.4975	6.28743
16.1091	7.34824
17.0703	7.93686
17.8584	8.25571
3.82185	8.59955
4.63851	6.36154
5.32655	6.90389
6.50589	7.11867
7.98882	6.91693
9.1199	7.32596
10.0578	7.00478
6.94463	12.7434
11.7967	7.61354
12.748	7.39277
14.0699	7.56814
15.2692	7.75599
15.9765	8.12682
17.086	8.83803
17.8054	9.30589
18.8726	8.75196
3.89704	9.13174
6.0983	12.9102
6.04428	8.54289
6.27453	7.60727
7.23757	7.7156
8.28715	7.8733
10.2386	8.00555
10.5099	8.06539
11.3391	8.68753
12.3407	8.22088
13.2026	8.31167
14.0929	8.83816
19.3302	12.3486
16.6737	9.82998
17.5806	9.5082
18.7805	9.75267
4.81376	10.0816
6.41615	9.18372
6.86114	8.33317
7.62495	8.97061
8.82521	8.97922
9.14716	8.30092
10.1922	8.85643
17.2269	11.1704
12.2689	9.38534
17.3525	12.2367
14.6692	9.94315
15.0167	8.94777
15.8437	9.39835
16.4757	12.4751
18.437	10.4404
19.6675	10.3108
4.796	10.9774
5.74749	10.4249
14.2523	12.6731
7.86277	9.90918
8.68291	10.2607
9.52534	9.64546
10.6693	9.73081
11.5248	10.1191
12.6714	10.1624
13.6628	10.7598
14.1367	10.8063
15.228	10.6629
15.5104	9.69147
16.3578	9.42821
18.9486	10.9916
19.5456	11.4967
5.55121	11.4638
6.495	10.6051
7.65099	10.8843
8.06631	10.8813
9.16994	10.8888
9.98161	10.4045
10.9465	10.9563
11.8247	11.0903
12.9351	11.2108
13.7279	11.7149
14.858	11.582
15.8485	11.6444
16.5328	10.6442
13.3576	12.286
19.7247	11.2877
20.4974	11.8897
4.75991	12.0264
6.46795	12.0675
7.50985	12.0016
8.89459	12.3644
9.83712	11.9278
12.6306	11.7207
