-0.328096	0.379853
0.506629	0.11001
1.66442	0.289441
2.79453	-0.287983
4.26647	-0.0601834
4.97646	-0.401959
6.37708	0.516955
7.24671	0.601567
8.03574	0.672104
9.12231	0.72401
9.70751	0.357761
10.4631	0.259689
11.5318	0.374161
12.5849	0.350125
13.5474	0.597448
14.4365	0.195994
21.0857	13.0679
1.31241	0.407336
2.45679	0.446221
3.65785	0.400083
4.38724	0.819003
5.48961	0.430728
6.95372	1.36769
7.88734	1.33296
8.9595	1.41625
9.8936	1.41671
11.3161	1.48384
12.2417	0.831217
13.0822	1.14691
13.0735	1.36844
14.0459	1.37904
20.1152	13.2122
-0.026851	1.70868
0.415867	0.709416
18.9946	13.4088
2.99959	1.38237
3.96651	1.61625
5.13686	1.32004
6.83037	1.58142
7.8252	1.85405
8.56082	2.30272
8.7075	2.64948
10.6554	2.06813
11.471	2.13137
13.0026	1.74281
13.8799	1.83257
18.3156	13.0589
14.856	1.74784
1.19141	1.70349
3.41208	3.1786
2.75801	2.31802
4.76703	3.05186
5.0935	2.21698
5.98841	1.88959
6.8756	2.4849
7.69985	3.0418
8.6067	3.65153
10.2443	3.13014
11.4189	2.85541
12.2488	2.69789
13.2224	2.58995
14.2401	2.615
15.38	2.69013
16.4422	2.41322
1.00275	3.26844
4.16054	4.1611
3.96188	3.01011
3.91374	2.04041
5.84199	3.01964
7.1047	3.0372
8.13116	3.05574
9.57887	3.3466
9.34964	4.16348
17.2122	13.1114
11.1534	3.8765
11.9252	3.7977
12.8811	3.6162
13.8051	3.66796
14.9343	3.23836
16.0714	3.24691
1.92403	4.00881
3.11177	4.15224
4.93112	3.6541
5.75641	3.37904
6.84383	3.4328
7.78373	3.96623
8.64271	3.83889
9.45157	4.25969
10.2491	4.78003
11.4173	4.93109
16.2031	13.1459
12.5678	4.47224
13.8644	5.41411
14.7854	4.37458
15.5497	4.4887
16.2941	4.2797
2.60975	4.56353
3.26341	5.11378
4.05643	4.26598
5.35687	4.36519
6.62153	4.32662
6.70335	4.42247
10.1906	4.52269
11.1851	4.89583
12.1397	5.02622
11.1728	5.41417
12.1613	5.37099
13.2976	5.51605
13.3238	5.02321
14.7988	5.63152
15.2988	13.1316
14.244	13.5883
3.28489	5.11254
4.21581	5.17641
5.28286	4.77948
6.05381	5.39145
10.8688	12.6091
9.91997	12.7276
10.4194	5.4342
11.5047	5.69294
12.0029	5.98981
12.1208	6.07657
8.24388	12.7588
14.3094	5.86796
14.6118	6.73935
15.4256	6.36496
18.1044	7.32495
18.134	5.39767
3.18811	6.2097
4.08799	5.75541
4.99193	5.91568
6.18741	6.21439
7.09697	6.44961
8.92065	6.43094
10.0306	6.08916
10.9465	6.35274
11.6491	6.80979
12.9885	6.67727
13.6348	6.90295
14.8134	6.86064
15.5985	6.29121
16.2246	7.31215
17.1836	7.91326
17.9783	8.22666
3.97145	8.56048
4.80814	6.33142
5.50152	6.87767
6.67147	7.13932
8.18395	6.9663
9.28817	7.39762
10.2287	7.08419
7.22551	12.6947
11.9475	7.7536
12.8854	7.48182
14.2107	7.60686
15.421	7.75295
16.1487	8.10023
17.2682	8.81169
17.9878	9.2947
19.0166	8.68065
4.1386	9.07134
6.3848	12.8766
6.29986	8.55369
6.44273	7.60082
7.40335	7.73627
8.44754	7.93283
10.4587	8.07482
10.6201	8.16865
11.4506	8.78915
12.5129	8.32592
13.3775	8.38546
14.2913	8.87836
19.5643	12.3988
16.8814	9.81377
17.7803	9.46978
18.9967	9.68926
5.04551	10.0307
6.72484	9.16059
7.09597	8.2753
7.84263	8.94126
9.04547	8.963
9.34601	8.27553
10.3109	8.963
17.3716	11.2161
12.3819	9.48506
17.6275	12.2588
14.9333	9.95431
15.2197	8.93994
16.0549	9.37527
16.7512	12.5008
18.6656	10.3758
19.8969	10.2495
5.03394	10.9267
6.03216	10.4638
14.5295	12.6586
8.14564	9.86509
8.95377	10.2463
9.77392	9.60374
10.9453	9.73243
11.8022	10.1208
12.9492	10.1512
13.9107	10.7649
14.3837	10.8156
15.4771	10.6935
15.6834	9.70296
16.5336	9.44873
19.1935	10.9129
19.7773	11.4347
5.80222	11.4175
6.78642	10.6133
7.95292	10.8448
8.32123	10.8453
9.42732	10.8836
10.2241	10.3706
11.1888	10.9309
12.0645	11.1046
13.178	11.2076
13.9677	11.7206
15.1001	11.5964
16.0899	11.6873
16.6957	10.6665
13.6327	12.2682
19.9158	11.323
20.6696	11.9486
5.04163	12.021
6.73452	12.0219
7.78552	11.9591
9.18356	12.3312
10.1291	11.9009
12.8895	11.7171
