-0.349774	0.362576
0.505704	0.0810975
1.66322	0.262659
2.78082	-0.319584
4.26156	-0.101501
4.97362	-0.454799
6.39519	0.479085
7.26571	0.588172
8.05578	0.683104
9.14585	0.718579
9.65458	0.366504
10.4675	0.238226
11.5311	0.393854
12.586	0.352337
13.5354	0.656802
14.4083	0.221261
21.3545	13.0812
1.30664	0.397062
2.45552	0.419988
3.66053	0.368195
4.41139	0.782079
5.50695	0.367404
6.99068	1.31674
7.92445	1.28628
8.99243	1.41239
9.92728	1.40692
11.3577	1.44433
12.2825	0.790896
13.1192	1.13146
13.0901	1.44262
14.0682	1.41995
20.3905	13.2632
0.0271438	1.7467
0.415953	0.722718
19.2756	13.5062
3.00497	1.35227
3.97541	1.57109
5.17249	1.29228
6.8809	1.57209
7.8592	1.8084
8.59369	2.25896
8.80263	2.65727
10.7096	2.04242
11.5266	2.10696
13.0653	1.71371
13.9428	1.80189
18.6161	13.0724
14.9026	1.75364
1.24553	1.66945
3.49526	3.17843
2.85567	2.30702
4.87928	3.04804
5.13752	2.18959
6.03557	1.8709
6.93442	2.47512
7.7708	3.0402
8.68949	3.65857
10.3199	3.11246
11.4788	2.83041
12.3098	2.66894
13.2873	2.56029
14.3088	2.58812
15.4503	2.68565
16.5431	2.41291
1.0915	3.2802
4.22664	4.17372
4.08829	3.01394
4.01521	2.0458
5.95403	3.00957
7.21629	3.0477
8.24232	3.08298
9.66925	3.3665
9.44138	4.18375
17.5085	13.1428
11.2223	3.86693
11.9923	3.77227
12.9443	3.58494
13.8652	3.6392
14.9967	3.22642
16.1554	3.23356
2.03374	4.01026
3.21867	4.17543
5.03391	3.69217
5.85922	3.41709
6.94772	3.44191
7.88044	3.98782
8.74135	3.87419
9.54682	4.3015
10.3487	4.81512
11.5227	4.91172
16.4943	13.1571
12.6445	4.44493
13.9417	5.40253
14.8642	4.36723
15.6283	4.47105
16.3488	4.27224
2.73778	4.55803
3.36547	5.13773
4.16108	4.30674
5.45971	4.40325
6.72312	4.33514
6.79408	4.42962
10.4654	4.55292
11.4492	4.95368
12.3998	5.11056
11.2803	5.46407
12.2691	5.4291
13.4066	5.56479
13.4005	5.00403
14.8798	5.62849
15.5857	13.1326
14.5269	13.58
3.43176	5.09949
4.3585	5.20972
5.35805	4.66467
6.18047	5.41294
11.1798	12.5644
10.2327	12.6954
10.6689	5.47044
11.7464	5.75934
12.1133	6.04862
12.2316	6.13484
8.5451	12.7267
14.4242	5.89947
14.7857	6.74805
15.5281	6.3536
18.2279	7.29452
18.2862	5.40246
3.35484	6.1982
4.25139	5.73736
5.23234	5.83074
6.40282	6.21646
7.3035	6.48371
9.15041	6.45094
10.2619	6.11429
11.1701	6.40334
11.8462	6.88106
13.1017	6.74518
13.7662	6.95408
14.9471	6.88238
15.7211	6.29807
16.356	7.28615
17.3163	7.89687
18.1208	8.19869
4.13755	8.54703
4.98722	6.30945
5.69385	6.8548
6.85404	7.15804
8.41148	6.98321
9.49139	7.42729
10.4321	7.11447
7.52103	12.6566
12.1066	7.83606
13.0434	7.56042
14.37	7.64479
15.589	7.75403
16.3343	8.07986
17.4653	8.78871
18.1854	9.28571
19.1772	8.62273
4.3929	9.02006
6.68742	12.8574
6.53659	8.53507
6.64718	7.57792
7.60731	7.7285
8.64721	7.95692
10.6824	8.10019
10.8146	8.20211
11.6256	8.84781
12.7015	8.41734
13.5676	8.45125
14.5008	8.91717
19.7905	12.4672
17.1062	9.80094
17.9959	9.43368
19.2219	9.63542
5.28791	9.99066
6.97553	9.13194
7.32603	8.23828
8.07531	8.91346
9.28141	8.95225
9.56279	8.25779
10.4951	8.99241
17.5341	11.2802
12.5352	9.57187
17.912	12.2853
15.1838	9.97768
15.4307	8.95326
16.2731	9.3749
17.0355	12.5294
18.8993	10.3238
20.1368	10.1971
5.2819	10.8868
6.3079	10.4893
14.8143	12.6508
8.42137	9.82818
9.2201	10.2335
10.0285	9.57911
11.1971	9.70402
12.0506	10.1055
13.1973	10.1438
14.188	10.7703
14.6402	10.8217
15.735	10.7217
15.8867	9.72123
16.7411	9.48198
19.4375	10.8526
20.0174	11.3808
6.06447	11.3824
7.06643	10.6154
8.23956	10.8105
8.57862	10.8153
9.68825	10.8737
10.4819	10.3499
11.4472	10.9203
12.3305	11.0875
13.4452	11.1959
14.2265	11.7269
15.3605	11.5999
16.3492	11.7241
16.8821	10.7024
13.9183	12.2464
20.084	11.3741
20.8665	11.9633
5.34015	12.029
7.01264	11.9892
8.07305	11.9256
9.48417	12.2974
10.4291	11.8653
13.1656	11.6972
