-0.44854	0.33443
0.497229	0.0618482
1.65474	0.246208
2.75917	-0.344741
4.25373	-0.133372
4.96516	-0.499135
6.40868	0.447719
7.28041	0.579872
8.07193	0.69689
9.16538	0.720326
9.60373	0.382721
10.4683	0.222072
11.5266	0.41053
12.5816	0.356592
13.4722	0.811518
14.3007	0.296453
21.5118	13.133
1.2951	0.390873
2.44806	0.400617
3.65716	0.341405
4.42992	0.751105
5.51931	0.312348
7.03097	1.26567
7.96485	1.23878
9.02754	1.40368
9.9637	1.39711
11.3302	1.33227
12.3087	0.763854
13.1494	1.11613
13.1008	1.63592
14.0779	1.52271
20.5693	13.4047
0.0787661	1.78451
0.410198	0.738191
19.6896	13.5408
3.00559	1.32812
3.97931	1.53186
5.20517	1.26803
6.93039	1.5612
7.89595	1.76356
8.63063	2.21381
8.88009	2.65518
10.7705	2.01286
11.5906	2.0742
13.1345	1.67832
14.0132	1.7544
18.932	13.0849
14.9466	1.78201
1.29279	1.63274
3.56039	3.17911
2.94217	2.2924
4.994	3.04218
5.18248	2.16575
6.08263	1.85304
6.996	2.46344
7.84706	3.03447
8.78041	3.65881
10.4197	3.09628
11.551	2.79642
12.3831	2.62876
13.3678	2.52187
14.396	2.54348
15.5394	2.68668
16.6414	2.40832
1.20189	3.27788
4.26692	4.19221
4.19673	3.02632
4.10773	2.05951
6.06871	3.0026
7.32996	3.06614
8.35509	3.12203
9.74311	3.37175
9.54316	4.19628
17.8201	13.1685
11.3066	3.86889
12.0711	3.73737
13.0171	3.54322
13.9332	3.58888
15.069	3.20843
16.2596	3.22536
2.16397	4.00149
3.34156	4.21301
5.12381	3.72972
5.95582	3.47541
7.04466	3.47355
7.977	4.02019
8.83985	3.92208
9.64788	4.34464
10.4607	4.84096
11.6368	4.90462
16.8009	13.1752
12.7345	4.40825
14.0302	5.38873
14.9483	4.35333
15.7108	4.45084
16.4502	4.26456
2.88538	4.54601
3.45891	5.17934
4.27814	4.38122
5.53166	4.45122
6.79358	4.35966
6.89029	4.46115
10.7646	4.57458
11.7376	5.00076
12.6838	5.18227
11.4025	5.50314
12.3916	5.47539
13.5296	5.60644
13.489	4.9798
14.9743	5.61959
15.8877	13.1434
14.826	13.5836
3.59689	5.08403
4.51079	5.27582
5.43184	4.60659
6.27106	5.44734
11.5005	12.5287
10.556	12.6751
10.9444	5.49703
12.0138	5.81386
12.2399	6.0953
12.3583	6.18135
8.85215	12.7035
14.5521	5.92593
14.9798	6.74311
15.6444	6.33795
18.3663	7.2633
18.4557	5.40084
3.53547	6.18371
4.43124	5.72134
5.45799	5.77911
6.61427	6.20713
7.51322	6.48011
9.40529	6.45341
10.5207	6.13001
11.421	6.44272
12.0636	6.93892
13.2326	6.79956
13.9143	6.99429
15.0966	6.89703
15.8575	6.2957
16.4999	7.25874
17.4634	7.87871
18.2783	8.16953
4.31359	8.55777
5.18127	6.29353
5.90114	6.84019
7.05995	7.15189
8.65942	6.97589
9.72103	7.43823
10.6647	7.1343
7.82182	12.6284
12.2813	7.90452
13.2167	7.62396
14.5434	7.67355
15.7691	7.74876
16.5298	8.05479
17.6716	8.76129
18.3918	9.27261
19.3496	8.57118
4.65351	8.97435
6.99649	12.8496
6.77866	8.52073
6.86913	7.56148
7.83336	7.69683
8.86922	7.95552
10.9132	8.12047
11.0632	8.21617
11.851	8.89006
12.9033	8.49164
13.77	8.50361
14.7206	8.94643
20.0987	12.4558
17.3429	9.78368
18.2222	9.3919
19.451	9.5855
5.53448	9.95791
7.223	9.11359
7.56536	8.21678
8.32333	8.89586
9.53263	8.9524
9.78999	8.24997
10.7178	8.99545
17.674	11.3798
12.7345	9.64577
18.2148	12.3081
15.4344	9.99861
15.6514	8.968
16.5013	9.37438
17.3365	12.5495
19.1361	10.2741
20.3805	10.1498
5.5333	10.8542
6.58441	10.5288
15.1122	12.6542
8.706	9.8028
9.49628	10.2305
10.2956	9.56836
11.4531	9.67717
12.3023	10.0952
13.4483	10.1517
14.4798	10.7839
14.9088	10.8326
16.0031	10.7415
16.11	9.73512
16.9735	9.53085
19.6807	10.7991
20.2595	11.3313
6.33063	11.356
7.34675	10.6295
8.52572	10.7857
8.84795	10.7963
9.9613	10.8724
10.7546	10.342
11.7209	10.9224
12.614	11.0719
13.7291	11.1954
14.5046	11.7409
15.6394	11.6027
16.6282	11.7481
17.0653	10.756
14.2156	12.2374
20.3081	11.3435
21.2555	11.5924
5.66871	12.0664
7.29471	11.9673
8.36494	11.9019
9.79111	12.2736
10.7359	11.8411
13.4561	11.6848
