-0.539876	0.285723
0.494584	0.0289781
1.65136	0.221692
2.74461	-0.372738
4.24022	-0.177566
4.95644	-0.553054
6.41992	0.410738
7.29214	0.56884
8.08453	0.710103
9.18086	0.729067
9.5455	0.412495
10.4613	0.216575
11.5148	0.429779
12.5722	0.366647
13.4259	0.904525
14.2106	0.325139
21.7196	13.15
1.28799	0.374638
2.44513	0.377031
3.65892	0.315116
4.45281	0.723706
5.53015	0.248857
7.07026	1.20659
8.00425	1.18381
9.05878	1.39475
9.99683	1.39257
11.2964	1.27035
12.3105	0.76836
13.1607	1.11424
13.1344	1.76161
14.1004	1.56477
20.7994	13.493
0.125376	1.81512
0.4137	0.753689
20.1592	13.5298
3.00728	1.30177
3.98346	1.49334
5.24405	1.24671
6.98778	1.55208
7.93209	1.70993
8.6659	2.16163
8.95662	2.65195
10.8149	2.00822
11.6371	2.0733
13.171	1.67776
14.0514	1.73096
19.2589	13.1015
14.9849	1.80557
1.33355	1.60685
3.61531	3.17636
3.02952	2.26789
5.1189	3.03349
5.2358	2.14468
6.13779	1.83735
7.0676	2.45317
7.93511	3.02962
8.88503	3.65917
10.5031	3.10349
11.6029	2.79452
12.4367	2.62218
13.4272	2.51463
14.4615	2.51695
15.607	2.69312
16.7242	2.40515
1.2979	3.27759
4.28599	4.21355
4.2885	3.04555
4.20294	2.07844
6.19413	3.01223
7.45392	3.10023
8.4778	3.1758
9.81226	3.3737
9.66064	4.20846
18.1424	13.1972
11.374	3.89408
12.1334	3.73541
13.0738	3.53372
13.9866	3.55823
15.1251	3.20164
16.3477	3.21754
2.28393	3.99328
3.45457	4.24072
5.20874	3.75788
6.05351	3.54953
7.14236	3.53675
8.08405	4.06719
8.94854	3.9842
9.76355	4.39324
10.5906	4.86562
11.7677	4.9074
17.1181	13.2069
12.8105	4.40389
14.1198	5.39169
15.0276	4.35169
15.789	4.43568
16.5348	4.25736
3.02637	4.5338
3.54927	5.20954
4.38558	4.43767
5.57646	4.50061
6.83813	4.40602
7.00511	4.52687
11.0932	4.59209
12.0526	5.04802
12.9927	5.25885
11.545	5.54013
12.5342	5.51867
13.6724	5.64785
13.5721	4.97882
15.0725	5.62315
16.2002	13.1655
15.1342	13.5952
3.75892	5.06781
4.65936	5.32061
5.52437	4.58035
6.31824	5.49492
11.8392	12.4825
10.8965	12.6385
11.2441	5.51968
12.3035	5.86943
12.3884	6.13896
12.5068	6.22488
9.18533	12.6744
14.6991	5.95373
15.1785	6.74168
15.7705	6.3309
18.5242	7.23009
18.6228	5.39971
3.71449	6.16829
4.6098	5.70502
5.64524	5.7469
6.80397	6.17253
7.711	6.41732
9.67894	6.43807
10.8012	6.13933
11.6915	6.47959
12.3045	6.99558
13.387	6.84985
14.0853	7.03111
15.2686	6.91046
16.0137	6.28967
16.6599	7.23521
17.6314	7.86007
18.4577	8.13816
4.50484	8.59283
5.37574	6.27794
6.11096	6.82604
7.28027	7.10376
8.91987	6.94115
9.9645	7.43205
10.9142	7.14758
8.14889	12.5889
12.4803	7.96969
13.4136	7.68246
14.7383	7.69995
15.9694	7.74241
16.7433	8.03016
17.8979	8.73053
18.6196	9.25339
19.544	8.5181
4.93015	8.92217
7.33197	12.8265
7.02877	8.5028
7.09746	7.54173
8.06861	7.63214
9.09937	7.92679
11.1473	8.13752
11.3415	8.21843
12.1019	8.92301
13.1281	8.55967
13.9949	8.55196
14.9628	8.97271
20.4544	12.4084
17.6128	9.76599
18.4758	9.3397
19.6991	9.53199
5.80095	9.91523
7.47847	9.09161
7.81268	8.19173
8.58524	8.86992
9.79783	8.94614
10.0207	8.23362
10.9553	8.97833
17.8708	11.4794
12.9548	9.7131
18.527	12.3333
15.681	10.0353
15.8954	9.00657
16.756	9.38953
17.647	12.5735
19.3975	10.2173
20.6452	10.0962
5.80889	10.8118
6.87657	10.5456
15.4202	12.6657
9.00397	9.7686
9.7852	10.2203
10.5763	9.55204
11.7162	9.63874
12.5585	10.0812
13.7025	10.1674
14.7854	10.8071
15.1831	10.8522
16.2765	10.7691
16.3789	9.76175
17.25	9.59287
19.9473	10.7406
20.527	11.2755
6.62323	11.3182
7.64132	10.6261
8.82403	10.7512
9.13015	10.7686
10.2474	10.8638
11.0416	10.3288
12.0064	10.924
12.9103	11.0506
14.0244	11.1992
14.7909	11.7644
15.9263	11.6124
16.9155	11.7774
17.296	10.8206
14.5233	12.2324
20.5764	11.2831
21.5432	11.4409
6.04176	12.0958
7.60557	11.932
8.68642	11.8701
10.1219	12.2394
11.0643	11.8016
13.7581	11.6718
