-0.559243	0.272035
0.486726	-0.00112042
1.64311	0.200391
2.72453	-0.397783
4.22058	-0.219546
4.94068	-0.604465
6.42391	0.376265
7.29637	0.560072
8.08941	0.725186
9.18828	0.744072
9.49953	0.44372
10.4579	0.202381
11.5061	0.440197
12.5667	0.367079
13.4226	0.920895
14.1933	0.323683
22.0703	13.148
1.27712	0.357021
2.43785	0.356488
3.65629	0.291767
4.47123	0.701265
5.53401	0.188162
7.10314	1.14762
8.03724	1.12991
9.08076	1.38998
10.0212	1.39394
11.2908	1.25533
12.3124	0.768829
13.172	1.10713
13.1668	1.7893
14.1289	1.56425
21.1552	13.5081
0.170767	1.84229
0.415326	0.768019
20.6172	13.5037
3.00466	1.27842
3.98294	1.45902
5.28008	1.23
7.04393	1.54702
7.96171	1.65654
8.69372	2.11118
9.02879	2.65173
10.848	2.01697
11.672	2.08728
13.1978	1.68504
14.0792	1.71782
19.6043	13.1091
15.0218	1.81931
1.37023	1.57916
3.67305	3.16939
3.12578	2.23719
5.25931	3.024
5.28806	2.12798
6.19179	1.8258
7.13974	2.44655
8.02531	3.02805
8.9935	3.66233
10.5756	3.12272
11.6449	2.80758
12.4804	2.62817
13.4756	2.51499
14.5156	2.50049
15.6647	2.69696
16.8041	2.39843
1.38936	3.27543
4.2991	4.23412
4.4056	3.071
4.30705	2.10512
6.33475	3.02137
7.59317	3.12725
8.61587	3.21737
9.90985	3.38377
9.78413	4.22283
18.4838	13.2193
11.4373	3.92323
12.1928	3.74682
13.1267	3.53349
14.0368	3.54064
15.1762	3.1984
16.4295	3.204
2.40116	3.985
3.56717	4.2536
5.32027	3.7905
6.17078	3.60676
7.25956	3.58617
8.20892	4.1028
9.07458	4.03267
9.89325	4.43444
10.7289	4.89147
11.9067	4.90381
17.4541	13.2375
12.8886	4.40988
14.2179	5.40142
15.111	4.35404
15.8711	4.41905
16.61	4.24499
3.16663	4.52318
3.65702	5.22287
4.49455	4.46722
5.66628	4.54358
6.92764	4.44521
7.13679	4.57817
11.4218	4.62288
12.3679	5.10582
13.3017	5.3432
11.6982	5.57737
12.6876	5.56111
13.8256	5.692
13.6606	4.98602
15.1815	5.63086
16.5309	13.1952
15.4603	13.6134
3.9222	5.05491
4.8178	5.33331
5.65549	4.56227
6.41104	5.53566
12.1888	12.4384
11.2482	12.6049
11.5463	5.5544
12.5954	5.93389
12.5491	6.18184
12.6677	6.26757
9.52925	12.6496
14.8558	5.98571
15.3951	6.73393
15.9087	6.32849
18.701	7.20311
18.7911	5.40134
3.89419	6.15594
4.7902	5.69399
5.82146	5.72326
6.98665	6.13883
7.90373	6.3428
9.95626	6.43007
11.0861	6.1613
11.9664	6.52655
12.5553	7.05933
13.5554	6.89818
14.2699	7.06726
15.4536	6.92504
16.1798	6.28228
16.8332	7.21692
17.8163	7.84435
18.654	8.11239
4.69653	8.66962
5.57269	6.26954
6.32409	6.82076
7.50674	7.04928
9.18108	6.90795
10.2137	7.43171
11.1706	7.17234
8.48627	12.5529
12.695	8.03928
13.6239	7.73802
14.9458	7.72657
16.1807	7.73734
16.9663	8.00801
18.1328	8.70257
18.8565	9.23476
19.7542	8.4755
5.19393	8.87903
7.67887	12.8073
7.2843	8.49298
7.33036	7.53056
8.30644	7.56908
9.33299	7.89821
11.3833	8.16686
11.6357	8.2273
12.3711	8.95806
13.3658	8.62366
14.2323	8.59827
15.2171	8.99872
20.8124	12.3606
17.8944	9.74999
18.7393	9.28925
19.9515	9.48801
6.06702	9.87321
7.7388	9.0781
8.06563	8.17551
8.85585	8.85102
10.072	8.94633
10.2541	8.22411
11.2028	8.96161
18.1663	11.5157
13.1958	9.77754
18.8542	12.3503
15.9351	10.0757
16.1524	9.05144
17.018	9.42254
17.9734	12.5935
19.6674	10.1659
20.9124	10.0521
6.09195	10.7715
7.16143	10.5126
15.7448	12.6834
9.30832	9.74191
10.0818	10.2158
10.8656	9.54303
11.9868	9.60504
12.8234	10.0718
13.9639	10.1964
15.1012	10.8393
15.4675	10.8797
16.5591	10.7982
16.6682	9.79108
17.5398	9.62497
20.2219	10.6899
20.8036	11.2284
6.92459	11.283
7.92609	10.594
9.10872	10.7199
9.42215	10.7482
10.5437	10.8596
11.3399	10.3217
12.3045	10.9305
13.2191	11.0332
14.331	11.2129
15.0901	11.7965
16.2255	11.628
17.2164	11.8051
17.5894	10.8525
14.846	12.2347
20.8535	11.2295
21.8326	11.2616
6.38963	12.0934
7.92608	11.9007
9.0182	11.8427
10.4629	12.2087
11.4023	11.765
14.0737	11.6643
