0.0296211	0.30328
0.861008	0.130362
2.02577	0.231219
2.80382	0.160797
4.05428	0.141885
4.93756	-0.173271
6.00213	-0.178511
6.87148	-0.169337
7.6593	-0.173864
8.72004	0.0491403
9.96271	0.106047
10.7941	0.181783
11.8688	0.164942
12.9124	0.267201
13.897	0.187131
14.8408	-0.0595913
15.4114	12.8783
1.33775	0.840588
2.47449	0.899836
3.66239	0.797007
4.44522	0.951949
5.55141	0.5858
6.33735	0.793046
7.26837	0.714767
8.34069	0.796472
9.26548	0.923945
10.2524	0.967508
11.377	0.843922
12.2636	0.936532
13.3007	0.874107
14.2503	1.03729
14.4302	12.8574
-0.0429188	1.66131
1.04348	1.73597
13.2979	12.8593
3.056	1.81229
4.04953	1.76192
4.85166	1.71065
5.97672	1.83213
6.93373	1.59327
7.77458	1.78143
9.02424	1.85305
9.83302	1.74214
10.6397	1.88308
12.0466	1.7121
12.9283	1.73527
12.5727	12.9121
14.8483	1.6782
0.367164	2.804
1.34755	2.15757
2.37385	2.49673
3.56145	2.41608
4.45257	2.51512
5.40563	2.5233
6.42904	2.61555
7.35698	2.83646
8.3893	2.63441
9.22804	2.70694
10.5093	2.59669
11.3499	2.53362
12.3284	2.5407
13.3435	2.48336
14.4698	2.68066
15.339	2.48185
-0.0335383	3.29391
0.806612	3.26789
1.97466	3.26924
2.90027	3.56235
3.7898	3.46682
5.05212	3.44912
6.07835	3.44852
6.96169	3.37568
7.80291	3.26533
11.4779	12.8337
10.1306	3.46107
10.8962	3.5869
11.8684	3.52106
12.7948	3.48077
13.9648	3.17028
15.0426	3.35168
0.438445	4.36541
1.62252	4.19547
2.5583	4.27593
3.42243	4.17615
4.50614	4.28031
5.58694	4.29048
6.45524	4.30426
7.36115	4.20263
8.31304	4.18264
9.48131	4.33289
10.4835	12.9723
11.446	4.33033
12.2473	4.53206
13.6114	4.25556
14.3449	4.50737
15.3668	4.35717
0.133546	5.18138
0.93464	4.88423
1.89009	5.10839
2.82883	5.0592
4.09331	5.10398
4.86349	5.21371
6.00109	5.09157
7.05047	5.25643
8.01176	5.19148
9.04813	4.97284
9.96255	5.3504
11.0007	4.86695
11.9401	5.1169
12.8639	5.25735
9.62235	12.7148
8.51117	13.0092
0.458927	5.97665
1.3874	5.88407
2.52335	5.95947
3.4563	6.12919
4.58371	12.8591
3.62741	12.8445
6.40962	5.93793
7.52421	5.97258
8.6232	5.85736
9.6158	5.96649
2.52478	12.8812
11.5186	5.80435
12.3287	6.24522
13.4363	6.01969
14.5277	5.99238
15.2679	5.97712
0.0628527	7.00444
1.05087	6.80474
1.792	6.87646
3.0236	6.84197
3.94765	7.01154
5.0272	6.912
6.16055	6.65771
7.11086	6.73154
7.94277	7.01806
9.15496	6.90264
9.7898	6.77647
10.9534	6.76343
11.856	7.11839
12.9004	7.12427
14.0101	6.9549
14.8488	6.84411
0.530807	7.86344
1.5157	7.58862
2.38685	7.55304
3.57232	7.72981
4.55907	7.6933
5.58272	7.78421
6.55498	7.59244
1.52644	12.7777
8.46704	7.85768
9.42265	7.65673
10.3109	7.49461
11.4955	7.68215
12.2671	7.59299
13.5549	7.73208
14.3814	7.60496
15.5848	7.69501
0.244249	8.31814
0.661808	12.8515
2.0218	8.7286
2.97301	8.57298
3.94069	8.59901
5.00057	8.59258
6.16903	8.53347
6.93783	8.6799
7.95404	8.47625
9.03249	8.49301
9.89638	8.56146
10.9259	8.60269
14.0091	11.9435
12.9554	8.62372
13.9075	8.48554
14.961	8.47821
0.647825	9.57491
1.5808	9.32428
2.53799	9.39511
3.52773	9.33139
4.72572	9.37181
5.47501	9.42633
6.6562	9.48451
13.0622	12.0211
8.4726	9.51649
11.9889	12.0341
10.3806	9.71675
11.3899	9.4083
12.3272	9.317
11.0934	12.1874
14.4912	9.60756
15.5015	9.34551
0.208934	10.356
1.29998	10.2136
8.93902	12.1359
3.11716	10.2058
3.98134	10.427
5.0164	10.2908
5.94463	10.1806
6.87766	10.282
8.02506	10.2681
8.94324	10.4316
9.99313	10.3343
11.0924	10.277
12.0631	9.99359
12.9432	10.1061
14.0694	10.2289
14.8423	10.3405
0.61364	11.1275
1.31498	10.9824
2.50416	10.9929
3.46341	11.1348
4.55406	10.9789
5.49631	11.0322
6.58245	11.2568
7.45674	11.1158
8.56952	11.2019
9.50765	11.2046
10.6445	11.1693
11.6276	11.3011
12.5972	11.2848
7.96774	12.1891
14.5139	10.9306
15.4663	11.1596
0.0999125	11.9516
1.12814	12.0663
2.15342	12.0629
2.92068	11.9278
3.95147	12.0559
7.05937	12.0556
