-0.556494	0.262829
0.47759	-0.0383023
1.63391	0.171386
2.70195	-0.429781
4.21277	-0.252957
4.92423	-0.650853
6.42966	0.342766
7.30273	0.549749
8.0968	0.736344
9.19802	0.758093
9.47144	0.469181
10.4642	0.171407
11.5048	0.440945
12.5687	0.359336
13.4338	0.920004
14.1974	0.314377
22.472	13.1397
1.26592	0.330005
2.4297	0.329227
3.65254	0.26185
4.48868	0.674637
5.53926	0.131033
7.1384	1.08713
8.07261	1.07609
9.1026	1.38549
10.0458	1.39627
11.2991	1.24733
12.3211	0.76158
13.1901	1.09316
13.2048	1.79577
14.1652	1.55405
21.5579	13.5061
0.223808	1.86548
0.422466	0.780347
21.1097	13.4669
3.00092	1.24849
3.98091	1.41949
5.3165	1.20945
7.10206	1.53913
7.9928	1.60306
8.72219	2.06191
9.10316	2.65
10.885	2.02492
11.7114	2.10047
13.231	1.68818
14.1129	1.70118
19.9758	13.1076
15.0664	1.82637
1.41135	1.54777
3.71821	3.14894
3.21948	2.18987
5.41601	3.00055
5.34197	2.10712
6.24759	1.81068
7.21507	2.43666
8.12004	3.02359
9.10788	3.66291
10.6555	3.14035
11.6933	2.81968
12.5301	2.63168
13.5301	2.51069
14.576	2.48097
15.7297	2.69448
16.8907	2.38684
1.48959	3.2684
4.28871	4.24446
4.5456	3.10508
4.40725	2.14408
6.49127	3.02005
7.74799	3.14451
8.76921	3.25015
10.0233	3.3928
9.91564	4.23436
18.8516	13.2321
11.5105	3.94802
12.2623	3.75623
13.1887	3.52916
14.0962	3.52103
15.236	3.19061
16.5186	3.18538
2.52643	3.97682
3.68746	4.26641
5.45031	3.8371
6.30187	3.65806
7.39037	3.62493
8.34685	4.12834
9.21364	4.07333
10.0347	4.4702
10.8775	4.91396
12.0551	4.88889
17.8168	13.2602
12.9795	4.41219
14.3311	5.40903
15.2044	4.35125
15.9622	4.39744
16.6938	4.22727
3.31488	4.51673
3.77644	5.23577
4.61088	4.49677
5.7922	4.59208
7.05256	4.48166
7.28141	4.61855
11.7343	4.67506
12.6697	5.17852
13.5982	5.43583
11.8641	5.61075
12.8535	5.59892
13.9911	5.73431
13.7631	4.99035
15.3078	5.63326
16.8879	13.2251
15.8141	13.6351
4.0934	5.05025
4.9893	5.34027
5.81591	4.55737
6.54645	5.577
12.555	12.4006
11.6191	12.5898
11.8396	5.60894
12.8794	6.01139
12.7239	6.22014
12.8427	6.30558
9.88835	12.6176
15.0243	6.0174
15.6356	6.70795
16.0647	6.32225
18.9022	7.1761
18.9665	5.40821
4.07852	6.15153
4.97732	5.69505
6.00275	5.71518
7.17348	6.12657
8.09847	6.29102
10.2298	6.44597
11.3659	6.20535
12.2378	6.59029
12.8134	7.1356
13.7395	6.94103
14.47	7.09889
15.6536	6.93594
16.3576	6.26891
17.0241	7.19656
18.0225	7.82418
18.8716	8.08608
4.9234	8.66222
5.77541	6.27676
6.54218	6.83444
7.7361	7.01587
9.43933	6.89816
10.4645	7.45316
11.4277	7.21803
8.83812	12.5104
12.9311	8.11844
13.8498	7.78736
15.1684	7.74915
16.4058	7.72811
17.2017	7.98209
18.379	8.67203
19.1045	9.21127
19.9847	8.43823
5.437	8.84131
8.0414	12.783
7.542	8.50466
7.56704	7.54146
8.5452	7.53268
9.56945	7.89152
11.6215	8.21639
11.9334	8.25411
12.6536	8.99987
13.6195	8.68062
14.4853	8.63883
15.4871	9.02015
21.1896	12.31
18.1652	9.72487
19.0018	9.24979
20.2101	9.44955
6.33148	9.82397
7.99932	9.08758
8.32178	8.18342
9.13007	8.85736
10.3504	8.96686
10.4911	8.23714
11.4593	8.96248
18.4967	11.5334
13.4613	9.83616
19.2062	12.3578
16.2093	10.1101
16.4262	9.09012
17.2453	9.55478
18.3245	12.6047
19.941	10.1229
21.1825	10.014
6.38431	10.726
7.37735	10.2521
16.0927	12.7033
9.61185	9.74242
10.3822	10.2313
11.1591	9.55453
12.2663	9.5901
13.102	10.0747
14.2373	10.2402
15.4261	10.8754
15.7716	10.9113
16.8604	10.8223
16.9727	9.81524
17.8435	9.64465
20.5039	10.6464
21.0921	11.1862
7.23715	11.2425
8.12707	10.4228
9.28695	10.6854
9.72302	10.7537
10.8498	10.8719
11.648	10.3319
12.6169	10.9477
13.5417	11.0276
14.651	11.2387
15.4099	11.8326
16.5452	11.6463
17.54	11.8255
17.9091	10.8715
15.1885	12.2446
21.1415	11.179
22.1119	11.0445
6.74404	12.079
8.25961	11.8639
9.36363	11.8086
10.8715	12.3029
11.7478	11.7452
14.4062	11.6665
