-0.539645	0.245259
0.470818	-0.0882997
1.62712	0.129426
2.68083	-0.473379
4.22056	-0.281079
4.90587	-0.697174
6.43844	0.303709
7.31241	0.53211
8.10781	0.738548
9.21114	0.764588
9.45401	0.485698
10.4813	0.113526
11.5087	0.429781
12.576	0.340593
13.4548	0.902573
14.2151	0.293049
22.9112	13.1195
1.25738	0.289436
2.42377	0.290306
3.65065	0.221685
4.50791	0.640058
5.54722	0.0701589
7.17762	1.01788
8.11191	1.01627
9.12495	1.37738
10.0712	1.39412
11.3168	1.23716
12.3349	0.743576
13.2135	1.06907
13.2479	1.78357
14.2081	1.53141
21.9966	13.4877
0.284104	1.87943
0.43923	0.786127
21.7007	13.3989
2.99809	1.20769
3.9795	1.3704
5.35601	1.18111
7.16472	1.5242
8.0261	1.54351
8.75165	2.00847
9.1819	2.64256
10.9259	2.02673
11.7552	2.10722
13.2703	1.68262
14.1522	1.67647
20.3718	13.0947
15.118	1.8224
1.458	1.51221
3.75264	3.10882
3.31136	2.12198
5.58658	2.955
5.40015	2.07807
6.30779	1.7879
7.2961	2.41923
8.22176	3.01177
9.23056	3.65625
10.7403	3.1503
11.7474	2.82513
12.5854	2.62759
13.5901	2.49731
14.6417	2.45412
15.8011	2.68183
16.9818	2.36837
1.59611	3.25467
4.25638	4.23661
4.69521	3.15421
4.49723	2.20369
6.66027	3.01647
7.91474	3.16183
8.93414	3.28375
10.1319	3.3933
10.0574	4.23845
19.2443	13.2336
11.5915	3.96206
12.34	3.75808
13.2583	3.51616
14.1632	3.49495
15.3034	3.17439
16.6128	3.1597
2.6572	3.96706
3.81094	4.2848
5.58681	3.90222
6.43764	3.71953
7.52551	3.66887
8.49229	4.15229
9.36015	4.11662
10.1858	4.5041
11.0385	4.92856
12.214	4.85332
18.2045	13.2733
13.0805	4.40574
14.4555	5.40968
15.3047	4.33932
16.0589	4.36836
16.7837	4.20232
3.46848	4.51291
3.89229	5.25483
4.72863	4.53738
5.932	4.65573
7.19057	4.5267
7.43726	4.66453
12.0342	4.74296
12.9601	5.26355
13.8838	5.53767
12.0445	5.63576
13.0339	5.62771
14.1706	5.77041
13.8763	4.98689
15.4471	5.62593
17.2699	13.2494
16.1948	13.6556
4.26981	5.05239
5.16816	5.35079
5.99253	4.56552
6.70076	5.62942
12.9352	12.3662
12.0092	12.5957
12.122	5.67866
13.1546	6.09987
12.9147	6.2494
13.0337	6.33445
10.269	12.5721
15.206	6.04522
15.8978	6.65514
16.2338	6.30798
19.1186	7.14211
19.1462	5.41919
4.26501	6.15376
5.16848	5.70658
6.18836	5.72184
7.36372	6.13513
8.29432	6.2641
10.4966	6.48295
11.6376	6.26649
12.5025	6.66698
13.0814	7.22364
13.9409	6.97402
14.6872	7.12204
15.87	6.93907
16.548	6.24561
17.2275	7.17023
18.2437	7.79664
19.1045	8.0525
5.17252	8.62491
5.98122	6.29782
6.76253	6.86518
7.96532	7.00469
9.69353	6.91222
10.7132	7.49422
11.6812	7.28012
9.2108	12.4561
13.193	8.20719
14.0921	7.82613
15.4078	7.76372
16.6464	7.71048
17.4515	7.94754
18.639	8.63337
19.367	9.17919
20.2308	8.39444
5.69347	8.79687
8.42547	12.7475
7.79845	8.53665
7.80461	7.57313
8.78272	7.52255
9.80634	7.90769
11.8601	8.28128
12.2263	8.2961
12.9438	9.04446
13.8899	8.72616
14.7549	8.66926
15.7734	9.0333
21.6031	12.2431
18.4396	9.68905
19.273	9.20825
20.4828	9.40429
6.6104	9.7672
8.25625	9.11919
8.57794	8.21475
9.40393	8.88925
10.6292	9.00778
10.7294	8.27276
11.7207	8.98236
18.851	11.5378
13.7482	9.88385
19.5814	12.3537
16.5044	10.1344
16.7174	9.11858
17.5059	9.63358
18.6987	12.6054
20.226	10.0756
21.4675	9.96846
6.69221	10.6723
7.64164	10.1162
16.4622	12.7205
9.91036	9.77124
10.683	10.2672
11.4532	9.58641
12.5515	9.59385
13.3917	10.0889
14.5202	10.2956
15.7575	10.9107
16.0956	10.9427
17.1809	10.8381
17.2924	9.83085
18.1618	9.65336
20.799	10.5972
21.3959	11.1363
7.56721	11.1927
8.288	10.5327
9.46972	10.666
10.0294	10.7862
11.1623	10.901
11.9622	10.359
12.9404	10.9746
13.8747	11.0331
14.9818	11.2729
15.7491	11.868
16.8845	11.6646
17.8853	11.8364
18.2491	10.8788
15.5497	12.2571
21.4434	11.1222
22.3819	10.8406
7.11894	12.054
8.61276	11.8165
9.72893	11.7615
11.2862	12.3962
12.0953	11.7448
14.7535	11.6753
