-0.494852	0.243438
0.459147	-0.131334
1.61639	0.0922428
2.65432	-0.513579
4.2203	-0.311733
4.88349	-0.743223
6.44437	0.263351
7.32009	0.511702
8.11766	0.73665
9.22324	0.766636
9.4418	0.496917
10.5177	0.00553878
11.5163	0.405281
12.5875	0.308385
13.4895	0.855971
14.26	0.259591
23.4205	13.0909
1.24659	0.249522
2.41473	0.254969
3.64533	0.183658
4.52499	0.606866
5.55149	0.0094437
7.21786	0.940287
8.15207	0.953598
9.14339	1.37079
10.0931	1.39172
11.3465	1.23382
12.3518	0.714345
13.2394	1.03545
13.2876	1.73742
14.2533	1.49537
22.4965	13.4391
0.345963	1.88904
0.456164	0.789847
22.2184	13.3398
2.99317	1.16988
3.97626	1.32208
5.39491	1.15339
7.22824	1.50878
8.05582	1.48259
8.7761	1.95572
9.26187	2.63407
10.9656	2.02823
11.7983	2.11389
13.3098	1.67464
14.1914	1.64991
20.7918	13.0689
15.1715	1.81086
1.50365	1.47355
3.8035	3.04666
3.42923	2.03249
5.76605	2.89166
5.45951	2.04914
6.369	1.76484
7.37978	2.40061
8.32768	2.99796
9.35907	3.64665
10.8215	3.15788
11.8021	2.83026
12.641	2.62242
13.6498	2.48109
14.7071	2.42643
15.873	2.66359
17.0736	2.34529
1.70548	3.23605
4.23117	4.20545
4.85335	3.21699
4.5915	2.28201
6.83255	3.03036
8.08492	3.19304
9.10253	3.32923
10.2239	3.39105
10.2068	4.2393
19.6614	13.2229
11.6742	3.96812
12.4212	3.75869
13.3306	3.50077
14.2334	3.46942
15.3737	3.15604
16.7084	3.1293
2.79308	3.95351
3.93664	4.30671
5.72774	3.98511
6.57769	3.79806
7.66437	3.72494
8.64133	4.18763
9.50988	4.17139
10.343	4.54283
11.2091	4.93943
12.3783	4.79643
18.6175	13.2811
13.1871	4.39666
14.5885	5.40838
15.4113	4.3252
16.1608	4.33557
16.8769	4.17232
3.62935	4.50643
3.99565	5.27835
4.84625	4.5876
6.07688	4.73684
7.33278	4.58404
7.59746	4.72225
12.337	4.81252
13.2558	5.34566
14.1756	5.6323
12.2366	5.65645
13.2261	5.65156
14.361	5.80759
13.9965	4.98109
15.5962	5.61632
17.6773	13.2687
16.6008	13.6715
4.45563	5.05302
5.35857	5.3574
6.18383	4.57307
6.86397	5.69582
13.3322	12.3319
12.4167	12.5976
12.4122	5.74931
13.4388	6.18454
13.1185	6.27362
13.2379	6.35819
10.6629	12.5323
15.3978	6.07742
16.1692	6.58283
16.4118	6.29589
19.3431	7.12155
19.3359	5.42967
4.46212	6.15438
5.37033	5.7169
6.38559	5.72837
7.56653	6.14501
8.50117	6.24037
10.7745	6.52257
11.9198	6.33045
12.7791	6.74275
13.3638	7.30819
14.1569	7.0011
14.9187	7.14059
16.1011	6.94078
16.7474	6.21774
17.4378	7.15146
18.4715	7.78039
19.3441	8.03205
5.42849	8.60137
6.19898	6.318
6.99611	6.89534
8.2062	6.99515
9.95831	6.92643
10.9769	7.53677
11.9495	7.34458
9.5959	12.41
13.4729	8.29201
14.3479	7.85842
15.66	7.77517
16.8988	7.69321
17.7111	7.91741
18.9057	8.60549
19.6344	9.16057
20.4832	8.36659
5.95493	8.77166
8.82329	12.7216
8.07104	8.56744
8.05675	7.604
9.03319	7.51483
10.0582	7.92328
12.1143	8.34816
12.5369	8.33671
13.2541	9.0853
14.1729	8.76412
15.0368	8.6945
16.0722	9.04264
21.9866	12.2008
18.7189	9.6635
19.5506	9.17978
20.76	9.37523
6.89337	9.72999
8.5293	9.14962
8.85027	8.24493
9.69597	8.91921
10.9268	9.04518
10.9844	8.30658
12.0004	8.99915
19.226	11.53
14.0585	9.92482
19.9788	12.3371
16.8182	10.1516
17.0222	9.13907
17.784	9.69276
19.0956	12.5953
20.5171	10.0437
21.7564	9.94157
7.00405	10.6373
7.95046	10.0761
16.8553	12.7328
10.2279	9.79779
11.0045	10.2995
11.7668	9.6137
12.8557	9.59471
13.7026	10.0989
14.8212	10.3535
16.1065	10.9426
16.4395	10.9702
17.5204	10.8464
17.6259	9.83851
18.4935	9.65227
21.1006	10.5654
21.7033	11.1054
7.9044	11.1576
8.5425	10.5667
9.72799	10.6608
10.357	10.816
11.496	10.927
12.296	10.3813
13.2842	10.9956
14.2276	11.0349
15.3315	11.3062
16.1105	11.9
17.2451	11.6767
18.2525	11.8374
18.6068	10.8756
15.9343	12.2642
21.7473	11.0918
22.685	10.8016
7.47694	12.0294
8.97659	11.7792
10.1051	11.7216
11.6908	12.438
12.4624	11.7426
15.1224	11.6794
