-0.451015	0.24069
0.442906	-0.171566
1.60166	0.0577954
2.62223	-0.550688
4.2125	-0.344234
4.85756	-0.788192
6.44734	0.223759
7.32564	0.491145
8.12622	0.733788
9.23418	0.768696
9.42969	0.510557
10.5188	-0.0314888
11.5201	0.371568
12.5964	0.271338
13.5225	0.802959
14.3048	0.221974
23.9543	13.0593
1.23289	0.208595
2.40215	0.222868
3.63616	0.147671
4.53923	0.575345
5.55192	-0.0496221
7.26222	0.850386
8.1958	0.888167
9.15861	1.36774
10.1121	1.39295
11.3791	1.2348
12.3648	0.679188
13.2615	0.999178
13.3254	1.68454
14.2974	1.45499
23.0203	13.3845
0.408477	1.89481
0.473979	0.792106
22.6625	13.297
2.98586	1.13493
3.97076	1.27497
5.43231	1.12679
7.29166	1.49366
8.08053	1.42198
8.7935	1.90613
9.34255	2.62604
11.0048	2.03235
11.8413	2.12273
13.3477	1.66809
14.2284	1.62226
21.2344	13.035
15.2253	1.79487
1.54813	1.43366
3.9241	2.89799
3.62729	1.85849
5.95303	2.80533
5.51899	2.02074
6.43019	1.74209
7.46485	2.38154
8.43635	2.98303
9.49179	3.63514
10.8994	3.16627
11.8582	2.83728
12.6974	2.61853
13.7101	2.46474
14.7727	2.39756
15.9462	2.64121
17.1649	2.31899
1.81818	3.21328
4.26371	4.08561
5.07705	3.24736
4.71101	2.34789
6.98988	3.09197
8.24152	3.26115
9.25862	3.40204
10.2811	3.39337
10.3623	4.23791
20.1018	13.2014
11.7586	3.96945
12.5057	3.76021
13.4054	3.48562
14.3063	3.44368
15.4467	3.13599
16.8057	3.09608
2.93529	3.93621
4.06386	4.33638
5.87239	4.09728
6.72168	3.90627
7.80628	3.80484
8.78909	4.25575
9.65812	4.24813
10.5042	4.59027
11.3878	4.94754
12.5437	4.72146
19.0576	13.2928
13.2984	4.38724
14.7296	5.40597
15.5226	4.30909
16.2662	4.30012
16.975	4.13896
3.7989	4.49691
4.06203	5.30981
4.96159	4.65486
6.22528	4.84738
7.47718	4.66482
7.75172	4.8029
12.6483	4.88451
13.5621	5.42622
14.4789	5.72243
12.4392	5.67361
13.4288	5.67108
14.5609	5.84652
14.1233	4.97444
15.7548	5.6041
18.1111	13.2867
17.0331	13.6854
4.65251	5.05134
5.56241	5.35837
6.39104	4.5776
7.03509	5.78741
13.7478	12.2982
12.8431	12.5954
12.7148	5.82196
13.7367	6.26742
13.3345	6.29338
13.4543	6.37732
11.072	12.4963
15.5984	6.11404
16.4376	6.49649
16.6	6.2835
19.5807	7.1051
19.5372	5.43927
4.67197	6.15254
5.58484	5.72487
6.59674	5.73221
7.78415	6.15412
8.72148	6.21775
11.0672	6.56426
12.2165	6.39801
13.0715	6.81912
13.6622	7.3911
14.3868	7.02259
15.1642	7.15436
16.3462	6.93917
16.9534	6.18305
17.6588	7.13506
18.7113	7.76697
19.5959	8.01547
5.6971	8.58272
6.43096	6.33584
7.24546	6.92319
8.46141	6.98525
10.2374	6.93936
11.2587	7.58056
12.2358	7.4124
9.99567	12.3684
13.7728	8.37475
14.6174	7.8846
15.926	7.78248
17.1638	7.67318
17.9821	7.88689
19.1824	8.58071
19.9124	9.14508
20.7478	8.34422
6.22863	8.75317
9.23705	12.7008
8.36249	8.59516
8.32611	7.63229
9.29957	7.50733
10.328	7.9371
12.3868	8.41814
12.8682	8.37644
13.5881	9.12258
14.4699	8.79518
15.3328	8.71411
16.3853	9.04703
22.3613	12.1707
19.0078	9.64079
19.8386	9.15572
21.0478	9.35181
7.18768	9.70015
8.8211	9.17706
9.14151	8.27218
10.0089	8.94555
11.2459	9.07796
11.259	8.33777
12.3011	9.01278
19.6225	11.5125
14.3955	9.95915
20.3993	12.3103
17.1509	10.1616
17.3427	9.15226
18.0778	9.74092
19.5153	12.5748
20.8188	10.0178
22.0564	9.9208
7.32712	10.6089
8.2752	10.0505
17.2733	12.7429
10.5667	9.8206
11.3487	10.3271
12.1024	9.63593
13.1813	9.59274
14.0368	10.1057
15.1409	10.4172
16.4749	10.9741
16.8036	10.9963
17.879	10.8476
17.9754	9.83889
18.8409	9.64313
21.4132	10.5406
22.0214	11.0807
8.25414	11.1288
8.84421	10.5677
10.0298	10.6611
10.7076	10.8418
11.8527	10.949
12.6515	10.3988
13.6504	11.0113
14.6023	11.0343
15.7015	11.3413
16.4952	11.9313
17.6278	11.6843
18.6423	11.8288
18.9835	10.8634
16.3442	12.267
22.0614	11.0729
23.0275	10.8845
7.8709	12.0209
9.35435	11.7477
10.4956	11.686
12.1037	12.4598
12.8507	11.738
15.515	11.6802
