-0.457423	0.227133
0.453207	-0.213933
1.61079	0.0412899
2.59438	-0.565488
4.20589	-0.389799
4.83483	-0.842832
6.45302	0.179924
7.33329	0.470115
8.13639	0.733905
9.24639	0.774139
9.41484	0.531977
10.5026	-0.0307533
11.5145	0.358079
12.596	0.263186
13.5292	0.818165
14.299	0.221566
24.4231	13.0576
1.24098	0.177937
2.41203	0.222584
3.64375	0.115864
4.56677	0.548383
5.55562	-0.117046
7.3219	0.729733
8.25232	0.81722
9.17349	1.37319
10.1316	1.39938
11.3889	1.22633
12.3709	0.664157
13.2791	0.983218
13.374	1.70881
14.3408	1.45248
23.4937	13.3987
0.48096	1.90117
0.509892	0.79646
22.9806	13.3784
3.03062	1.12266
4.01565	1.26175
5.47952	1.10604
7.3622	1.4833
8.09347	1.3632
8.79342	1.86616
9.42121	2.62441
11.0487	2.03899
11.8904	2.13379
13.3915	1.66819
14.2707	1.59874
21.6949	13.023
15.2865	1.79408
1.60449	1.40219
4.13232	2.72124
3.82854	1.68373
6.09775	2.73597
5.58645	1.9985
6.49859	1.7242
7.55363	2.36743
8.54523	2.97316
9.62127	3.6286
10.9995	3.17675
11.921	2.8459
12.7609	2.61713
13.7786	2.45312
14.8472	2.37192
16.0304	2.62801
17.2636	2.29714
1.94669	3.19059
4.47917	3.90678
5.37098	3.15256
4.82895	2.34199
7.10793	3.12165
8.3621	3.29438
9.38218	3.4356
10.4033	3.40202
10.5106	4.24364
20.5597	13.1951
11.8533	3.9858
12.5965	3.76351
13.4864	3.47409
14.3854	3.41961
15.5271	3.12036
16.9167	3.06981
3.10062	3.91114
4.23157	4.32279
6.05149	4.10183
6.88916	3.85446
7.97791	3.77266
8.93029	4.29539
9.80492	4.27419
10.661	4.61262
11.5549	4.96551
12.6958	4.67286
19.5167	13.3128
13.4158	4.38023
14.8796	5.40514
15.642	4.29556
16.3787	4.26836
17.0964	4.11095
3.98965	4.47633
4.23012	5.29622
5.13242	4.65065
6.45973	4.82711
7.71304	4.65341
7.85548	4.76469
12.99	4.95932
13.8969	5.51241
14.8104	5.81886
12.6373	5.69979
13.627	5.69826
14.7541	5.90389
14.2575	4.96965
15.9232	5.59241
18.5643	13.3119
17.4838	13.7036
4.86861	5.03532
5.79433	5.30405
6.63836	4.53996
7.26689	5.77318
14.1896	12.2536
13.2962	12.5797
13.0453	5.8975
14.0617	6.35493
13.5501	6.32059
13.6706	6.40357
11.5143	12.4698
15.7914	6.17208
16.6785	6.42425
16.8024	6.26718
19.8428	7.06644
19.7588	5.43651
4.90338	6.13616
5.82031	5.71728
6.8302	5.69695
8.01783	6.14179
8.9569	6.16984
11.3864	6.59937
12.5402	6.46757
13.3901	6.89883
13.9809	7.47818
14.621	7.04943
15.4165	7.17453
16.5973	6.9408
17.148	6.14255
17.8992	7.1092
18.9775	7.73357
19.8763	7.97633
5.99981	8.53367
6.68554	6.33704
7.519	6.93336
8.73902	6.95037
10.5402	6.93589
11.5653	7.61797
12.5474	7.48211
10.4295	12.3269
14.0853	8.46251
14.8947	7.91609
16.203	7.79486
17.4388	7.65089
18.2651	7.84765
19.4776	8.53805
20.2193	9.10156
21.0434	8.29596
6.53894	8.702
9.69098	12.6838
8.67866	8.60602
8.61998	7.64425
9.58816	7.47963
10.6202	7.93454
12.6788	8.4906
13.228	8.41277
13.947	9.15977
14.7792	8.83132
15.6409	8.73751
16.7121	9.0569
22.5209	12.3092
19.3097	9.59922
20.1411	9.1152
21.3666	9.30152
7.51915	9.63993
9.13657	9.18848
9.45806	8.28398
10.348	8.95721
11.5917	9.09644
11.5561	8.35672
12.6249	9.01513
20.0371	11.5089
14.7534	9.99738
20.8385	12.2999
17.5	10.1787
17.6787	9.17332
18.3933	9.7867
19.9522	12.5674
21.1297	9.9782
22.394	9.8656
7.68929	10.5509
8.63963	9.99634
17.7104	12.7578
10.9316	9.82918
11.7197	10.3408
12.4646	9.64455
13.5305	9.58079
14.3948	10.1056
15.4749	10.4923
16.8617	11.0118
17.1851	11.0288
18.2545	10.8577
18.3412	9.84857
19.2052	9.64646
21.7312	10.5034
22.3759	11.0175
8.64103	11.0844
9.20766	10.5146
10.3873	10.665
11.0843	10.8531
12.2352	10.9594
13.0315	10.4043
14.0387	11.0184
14.9985	11.0291
16.0895	11.3813
16.8985	11.9684
18.0286	11.6974
19.0497	11.83
19.3772	10.8629
16.7757	12.2688
22.064	11.2691
22.7352	11.9825
8.36179	12.0143
9.7661	11.7167
10.9228	11.6553
12.5466	12.4709
13.2657	11.7214
15.9291	11.6782
