-0.418417	0.262934
0.470925	-0.217166
1.62887	0.0640282
2.56675	-0.542568
4.17687	-0.434828
4.80203	-0.893168
6.4514	0.141771
7.3339	0.451675
8.13971	0.733781
9.25175	0.77536
9.39794	0.547738
10.4837	-0.0388781
11.5086	0.328701
12.5961	0.232684
13.5552	0.772159
14.3418	0.198376
25.0176	13.0457
1.26198	0.174081
2.43249	0.262241
3.65716	0.111558
4.59999	0.544707
5.5501	-0.178187
7.38603	0.576835
8.30694	0.746906
9.178	1.38381
10.1418	1.40682
11.4158	1.23466
12.3755	0.635114
13.294	0.954695
13.4066	1.66313
14.3804	1.42412
24.072	13.3499
0.547377	1.90494
0.538568	0.80065
23.4662	13.3515
3.10009	1.14504
4.08505	1.28461
5.53207	1.10646
7.43818	1.48412
8.0706	1.30466
8.7468	1.84042
9.49848	2.62461
11.084	2.05082
11.9311	2.15225
13.4267	1.67307
14.3039	1.58083
22.1742	12.9943
15.3417	1.78333
1.65324	1.36916
4.25646	2.71926
3.925	1.69027
6.2331	2.69323
5.6631	1.99755
6.57352	1.72126
7.64846	2.36396
8.65921	2.97051
9.75692	3.62158
11.0909	3.18962
11.9766	2.86169
12.8166	2.62278
13.8379	2.44567
14.9119	2.35445
16.105	2.61165
17.356	2.27222
2.0688	3.16492
4.63358	3.89553
5.52282	3.13827
4.94332	2.34551
7.25217	3.08078
8.50977	3.26297
9.53357	3.41161
10.5987	3.40148
10.6647	4.24734
21.0374	13.1776
11.9431	4.00037
12.6848	3.77309
13.5638	3.46745
14.462	3.40699
15.6045	3.11152
17.0195	3.03924
3.26155	3.88424
4.40042	4.30041
6.22825	4.0778
7.05506	3.78613
8.14663	3.70556
9.08477	4.26781
9.96777	4.25041
10.8289	4.60757
11.7278	4.97971
12.8451	4.60716
19.9967	13.3267
13.5343	4.37763
15.0365	5.41051
15.7682	4.29014
16.4961	4.23699
17.2096	4.07854
4.17549	4.4542
4.41731	5.2737
5.30929	4.63254
6.68448	4.78147
7.93694	4.59934
7.99179	4.69307
13.3328	5.04161
14.2341	5.60377
15.1441	5.9203
12.8443	5.72221
13.8342	5.72222
14.9498	5.98466
14.3959	4.97009
16.1006	5.59079
19.0383	13.3318
17.9547	13.7151
5.07933	5.01804
6.01789	5.2465
6.8758	4.49803
7.5055	5.7229
14.6447	12.2113
13.7597	12.5564
13.3774	5.98035
14.3899	6.4485
13.7763	6.34383
13.8974	6.42596
11.9772	12.4841
15.9826	6.27087
16.8981	6.38237
17.013	6.272
20.1119	7.08094
19.9765	5.43527
5.13275	6.11813
6.05315	5.70696
7.05675	5.65679
8.24626	6.1221
9.18571	6.11298
11.709	6.63628
12.8668	6.54545
13.7124	6.98501
14.3125	7.57199
14.8673	7.07199
15.6819	7.19316
16.865	6.95076
17.3285	6.09897
18.1451	7.11752
19.2461	7.74739
20.1589	7.99022
6.30219	8.55059
6.9401	6.33424
7.79514	6.93831
9.01649	6.90547
10.8453	6.9248
11.8773	7.65668
12.8641	7.56001
10.8829	12.329
14.4212	8.55585
15.1817	7.94329
16.4893	7.81009
17.7243	7.64551
18.5562	7.84092
19.776	8.54442
20.525	9.11454
21.3403	8.30835
6.8474	8.72124
10.1694	12.7137
9.00281	8.61043
8.91892	7.65052
9.87927	7.44332
10.9171	7.92407
12.9725	8.57124
13.5997	8.44785
14.3215	9.19214
15.0946	8.86169
15.9554	8.76037
17.0452	9.06873
22.9471	12.3037
19.6155	9.60674
20.4503	9.12858
21.6845	9.31346
7.84836	9.64973
9.45994	9.19351
9.78264	8.28944
10.6983	8.96165
11.9498	9.10543
11.8601	8.36889
12.9581	9.00907
20.4644	11.4951
15.1302	10.0275
21.2927	12.2772
17.8624	10.1927
18.0222	9.19031
18.7085	9.83519
20.4056	12.5517
21.4504	9.99773
22.7289	9.8807
8.05117	10.5611
9.00974	10.0209
18.1662	12.7658
11.31	9.82979
12.1065	10.3451
12.8406	9.64242
13.8914	9.55942
14.7669	10.0961
15.8048	10.5847
17.2578	11.0466
17.5818	11.0584
18.6442	10.8635
18.7144	9.85351
19.5764	9.64309
22.0626	10.5299
22.7302	11.027
9.03535	11.0991
9.63977	10.4617
10.8067	10.6909
11.4778	10.856
12.6347	10.9616
13.4258	10.3996
14.442	11.0154
15.4097	11.0155
16.4884	11.4219
17.3172	12.0022
18.4443	11.7069
19.4723	11.8251
19.7814	10.8544
17.2274	12.259
22.4369	11.2824
23.1278	11.9768
8.8118	12.0439
10.194	11.734
11.3671	11.6673
13.0095	12.4766
13.6975	11.6985
16.3607	11.6661
