-0.388243	0.293775
0.495296	-0.223011
1.65377	0.0842392
2.54797	-0.518387
4.13491	-0.483806
4.76559	-0.945233
6.45017	0.100511
7.33419	0.42835
8.14199	0.727114
9.2557	0.768222
9.37958	0.55652
10.4616	-0.0521624
11.4991	0.294802
12.5927	0.198457
13.5775	0.722609
14.3787	0.170601
25.6306	13.0312
1.29144	0.16526
2.45997	0.300203
3.67668	0.111972
4.64014	0.545207
5.54223	-0.239853
7.40611	0.501503
8.32057	0.724832
9.1793	1.39026
10.1496	1.40853
11.4404	1.23716
12.377	0.602201
13.3066	0.922933
13.44	1.61443
14.4199	1.39069
24.6705	13.2986
0.616938	1.90159
0.575313	0.798969
23.9712	13.3233
3.17384	1.16763
4.15878	1.30739
5.59272	1.11088
7.5241	1.48407
8.05812	1.25997
8.7008	1.83688
9.5813	2.61667
11.1194	2.05764
11.9728	2.16658
13.4626	1.67578
14.3369	1.5599
22.6751	12.9616
15.3991	1.76644
1.70647	1.33502
4.37815	2.72501
4.02237	1.70417
6.37171	2.65719
5.75213	2.00046
6.65869	1.71845
7.7537	2.35906
8.78394	2.96467
9.90554	3.6038
11.1758	3.19507
12.0338	2.87293
12.8738	2.6249
13.8983	2.43478
14.9774	2.335
16.181	2.59048
17.4501	2.24395
2.19319	3.13594
4.78463	3.89146
5.67258	3.13268
5.06331	2.35195
7.40266	3.04385
8.66502	3.23146
9.69371	3.38453
10.7947	3.39201
10.8338	4.23954
21.5371	13.1551
12.0328	4.00074
12.7759	3.77803
13.6437	3.45716
14.5418	3.39319
15.6856	3.10075
17.1237	3.00485
3.42526	3.8569
4.57229	4.28168
6.40747	4.06002
7.22397	3.73365
8.31729	3.64881
9.2489	4.23696
10.141	4.22351
11.0105	4.59483
11.9175	4.98147
12.9953	4.50633
20.5	13.3339
13.6567	4.37026
15.2012	5.41245
15.9006	4.28212
16.6177	4.20201
17.3244	4.04216
4.36432	4.43215
4.59503	5.25484
5.48969	4.6214
6.90463	4.74548
8.15567	4.55067
8.14517	4.63345
13.6806	5.15798
14.5783	5.72585
15.4862	6.04839
13.0703	5.73354
14.0612	5.73838
15.1556	6.0823
14.5401	4.96639
16.2877	5.586
19.5356	13.3445
18.4488	13.7183
5.29324	5.00134
6.24052	5.19834
7.10836	4.46142
7.74471	5.67975
15.1203	12.1661
14.2412	12.5238
13.7174	6.09706
14.7285	6.57164
14.0214	6.35753
14.1426	6.43984
12.4722	12.5006
16.1759	6.41405
17.0968	6.36553
17.237	6.27475
20.402	7.0948
20.1987	5.43685
5.36806	6.10019
6.29139	5.6956
7.28593	5.6207
8.48125	6.10003
9.41978	6.05757
12.043	6.69208
13.2039	6.65955
14.0473	7.1034
14.6844	7.69693
15.1324	7.0868
15.9661	7.20539
17.1511	6.95475
17.481	6.04288
18.4085	7.12475
19.5349	7.75968
20.4628	8.00326
6.62758	8.56781
7.20215	6.32894
8.08079	6.93936
9.30069	6.85913
11.1587	6.90925
12.2053	7.71346
13.196	7.67408
11.3673	12.333
14.821	8.67732
15.4867	7.96285
16.7948	7.81932
18.0281	7.63458
18.8651	7.83187
20.0937	8.54991
20.8521	9.12598
21.6597	8.32081
7.1794	8.74138
10.6806	12.7436
9.34084	8.60901
9.22958	7.65187
10.1806	7.40477
11.2278	7.90869
13.2673	8.68861
14.0023	8.49832
14.7409	9.22597
15.4286	8.88374
16.2886	8.77582
17.3975	9.07425
23.3979	12.2959
19.9439	9.61379
20.7816	9.14077
22.0249	9.32544
8.20187	9.66038
9.79712	9.19275
10.1211	8.28914
11.0648	8.95932
12.3251	9.10471
12.1813	8.3741
13.3098	8.99536
20.9122	11.4763
15.5694	10.0418
21.7678	12.2498
18.2462	10.1996
18.3857	9.20037
19.0451	9.87273
20.8799	12.5314
21.7967	10.0151
23.0881	9.89588
8.43929	10.5712
9.41657	10.0657
18.6437	12.7655
11.706	9.82294
12.5134	10.3395
13.235	9.62973
14.2719	9.53005
15.1611	10.0778
16.0999	10.7379
17.6687	11.0768
18.0006	11.0833
19.0551	10.8632
19.107	9.85275
19.9672	9.63529
22.4224	10.5541
23.1106	11.0362
9.45833	11.1146
10.141	10.3235
11.2633	10.7167
11.8925	10.8507
13.0556	10.9545
13.8397	10.3843
14.8652	11.0017
15.8409	10.9948
16.9038	11.4612
17.7564	12.0302
18.8806	11.7124
19.9157	11.8148
20.2053	10.8406
17.7027	12.2357
22.8362	11.2939
23.5453	11.9696
9.31777	12.0753
10.6528	11.7531
11.843	11.6817
13.5043	12.4799
14.1511	11.6672
16.8143	11.6436
