-0.366633	0.320206
0.5265	-0.232824
1.68553	0.101291
2.53787	-0.49386
4.07149	-0.535729
4.71757	-1.00033
6.43665	0.0607893
7.32673	0.411628
8.14119	0.731924
9.25746	0.755865
9.361	0.558698
10.436	-0.0705307
11.4861	0.25674
12.5864	0.160815
13.5965	0.669823
14.4103	0.138316
26.2642	13.0142
1.32955	0.150755
2.4945	0.336034
3.7028	0.115952
4.68682	0.549422
5.52415	-0.305042
7.36983	0.511258
8.23177	0.892328
9.18581	1.40664
10.1608	1.40147
11.4593	1.22843
12.3763	0.565293
13.3179	0.887393
13.476	1.5631
14.4611	1.35215
25.2907	13.2449
0.692169	1.89166
0.621174	0.791647
24.5005	13.2924
3.25321	1.19004
4.23795	1.33118
5.66387	1.11441
7.62361	1.4703
8.07616	1.21688
8.19232	2.0716
9.67627	2.60727
11.1595	2.05691
12.02	2.17436
13.5013	1.67668
14.3717	1.53439
23.1991	12.9253
15.461	1.74351
1.76638	1.29874
4.50726	2.73145
4.1262	1.71977
6.51733	2.62673
5.85924	2.00123
6.75872	1.7066
7.8768	2.33876
8.93164	2.93267
10.0721	3.5748
11.2601	3.19129
12.0964	2.87731
12.9364	2.62189
13.9638	2.41971
15.0473	2.31112
16.2622	2.56353
17.5494	2.21181
2.32428	3.10302
4.94251	3.88748
5.83101	3.12935
5.19217	2.3596
7.56306	3.01059
8.83158	3.19985
9.86646	3.35438
10.9978	3.37233
11.023	4.22038
22.06	13.1281
12.126	3.98739
12.8726	3.77656
13.7293	3.4423
14.6278	3.37533
15.7733	3.08596
17.2334	2.96619
3.59751	3.82771
4.75419	4.26287
6.59759	4.04373
7.40337	3.68735
8.49765	3.59701
9.42803	4.20359
10.33	4.19261
11.2112	4.57436
12.1299	4.97157
13.1432	4.37121
21.027	13.3347
13.7848	4.35701
15.3754	5.409
16.041	4.26948
16.7453	4.16199
17.4454	4.00123
4.56247	4.40834
4.77429	5.2361
5.68168	4.6118
7.13316	4.7125
8.38262	4.50405
8.31735	4.58019
14.0171	5.28729
14.9175	5.85094
15.8274	6.16761
13.3221	5.73448
14.3181	5.75362
15.4025	6.14582
14.692	4.95702
16.4855	5.57575
20.0561	13.3523
18.966	13.7164
5.51725	4.98299
6.47062	5.15611
7.34605	4.42821
7.99515	5.63915
15.6099	12.1182
14.7338	12.4829
14.0617	6.22603
15.0724	6.69467
14.2893	6.36484
14.4081	6.45202
13.0008	12.518
16.4166	6.51387
17.32	6.32816
17.4756	6.27282
20.7135	7.10574
20.4323	5.43847
5.61566	6.07998
6.54156	5.68132
7.52637	5.58708
8.73157	6.07614
9.66858	6.00788
12.3892	6.75918
13.5501	6.79024
14.395	7.23126
15.0828	7.82077
15.4167	7.09996
16.2669	7.21556
17.4491	6.95053
17.6755	6.00763
18.69	7.12793
19.8442	7.76783
20.7883	8.01315
6.97644	8.58357
7.4779	6.31955
8.38189	6.9352
9.59895	6.81523
11.4884	6.89303
12.5543	7.78008
13.5457	7.80479
11.8844	12.3377
15.2684	8.79308
15.81	7.98054
17.119	7.82382
18.3482	7.61269
19.1899	7.81894
20.4303	8.55237
21.2004	9.13354
22.0018	8.33137
7.53549	8.76068
11.2263	12.7719
9.69491	8.60038
9.55739	7.64665
10.5007	7.36883
11.5638	7.89202
13.5728	8.82147
14.4267	8.54859
15.1885	9.25206
15.7839	8.90321
16.6426	8.78696
17.7712	9.07378
23.875	12.2851
20.2944	9.61811
21.1348	9.14992
22.3878	9.33556
8.58022	9.67035
10.1491	9.18572
10.4763	8.28325
11.4475	8.95235
12.7169	9.09976
12.5341	8.37484
13.6934	8.98325
21.3826	11.4526
16.0427	10.041
22.2654	12.2184
18.6542	10.1992
18.7717	9.20335
19.4032	9.90202
21.3768	12.5065
22.1684	10.0287
23.4721	9.90936
8.85433	10.5795
9.87968	10.1804
19.1395	12.7595
12.116	9.8126
12.9347	10.3294
13.6455	9.61451
14.685	9.50774
15.5926	10.0662
16.5006	10.7873
18.1086	11.0949
18.4437	11.0968
19.4902	10.8561
19.5217	9.84559
20.3806	9.62277
22.8105	10.5747
23.5178	11.0433
9.91103	11.1294
10.6152	10.4044
11.7554	10.7425
12.3223	10.8415
13.4917	10.9422
14.2701	10.3666
15.3043	10.9878
16.2891	10.9849
17.345	11.482
18.2191	12.0459
19.3404	11.7075
20.3823	11.7984
20.6513	10.8211
18.1918	12.2095
23.2629	11.3023
23.9905	11.9581
9.87561	12.0996
11.1442	11.7725
12.352	11.6972
14.0325	12.4851
14.6204	11.6288
17.2835	11.6249
