-0.358271	0.347991
0.557075	-0.241169
1.71675	0.120071
2.53067	-0.464417
3.98423	-0.570425
4.66702	-1.03746
6.43039	0.0362254
7.32305	0.400309
8.14044	0.732981
9.25745	0.738709
9.33833	0.559
10.4038	-0.0899745
11.4659	0.218018
12.573	0.123712
13.6074	0.618996
14.4318	0.107198
26.9153	13.0003
1.3688	0.136509
2.52868	0.374129
3.72945	0.12967
4.73425	0.563226
5.50731	-0.351287
7.37245	0.492936
8.25502	0.845989
9.18735	1.41751
10.1677	1.3934
11.472	1.21849
12.3689	0.528541
13.3233	0.852845
13.5087	1.51389
14.4983	1.31421
25.9297	13.1939
0.766749	1.88191
0.669366	0.785277
25.051	13.2635
3.32922	1.21782
4.31373	1.36059
5.73464	1.12926
7.72144	1.46989
8.08237	1.19885
8.36895	2.01763
9.76826	2.59183
11.1974	2.05566
12.0656	2.18204
13.5374	1.68129
14.4027	1.51057
23.744	12.8888
15.5211	1.72086
1.82673	1.26662
4.63294	2.74467
4.22695	1.74273
6.65868	2.60904
5.96518	2.01312
6.85661	1.70638
7.99466	2.33226
9.07317	2.91061
10.238	3.54047
11.3296	3.18678
12.1579	2.88122
12.998	2.61985
14.0279	2.40619
15.1154	2.28951
16.342	2.53737
17.6478	2.18237
2.45491	3.07319
5.09713	3.88938
5.98833	3.13442
5.31863	2.37594
7.72163	2.98739
8.9974	3.17441
10.0394	3.32726
11.1956	3.34801
11.2157	4.1962
22.6039	13.0996
12.2154	3.96061
12.9686	3.77481
13.8144	3.42875
14.7139	3.3602
15.8615	3.07377
17.3416	2.92966
3.77042	3.80429
4.93791	4.25117
6.78897	4.03459
7.58268	3.65061
8.67698	3.55453
9.60983	4.1742
10.522	4.16349
11.4172	4.55236
12.3498	4.95669
13.2707	4.22231
21.5761	13.3339
13.9127	4.34387
15.5528	5.4066
16.1834	4.25886
16.8729	4.12349
17.5648	3.96234
4.76193	4.39084
4.94898	5.22454
5.87669	4.61051
7.36225	4.68708
8.61	4.46448
8.49468	4.53734
14.3483	5.42877
15.2532	5.98511
16.1657	6.29451
13.5857	5.7317
14.5892	5.7675
15.6818	6.16303
14.8454	4.94818
16.6881	5.56657
20.5991	13.3589
19.5063	13.7151
5.74321	4.97147
6.70044	5.12665
7.58138	4.40545
8.24853	5.6059
16.1214	12.0872
15.2422	12.4467
14.4008	6.36711
15.4147	6.82734
14.5692	6.36959
14.6854	6.46241
13.5588	12.5407
16.7043	6.53357
17.5813	6.24817
17.7229	6.27252
21.0412	7.11928
20.6693	5.44869
5.86753	6.06583
6.79587	5.67292
7.76938	5.5631
8.98759	6.05809
9.9228	5.96852
12.7362	6.83936
13.8936	6.93531
14.7419	7.3697
15.5171	7.94882
15.7132	7.11186
16.5794	7.22489
17.7569	6.9443
17.9493	5.99388
18.9844	7.13317
20.1691	7.77765
21.1308	8.02535
7.34436	8.60274
7.75994	6.31521
8.69139	6.93529
9.90356	6.77864
11.8265	6.882
12.9096	7.8589
13.8971	7.94986
12.43	12.3479
15.7813	8.90278
16.1464	7.99711
17.4563	7.82703
18.6798	7.58868
19.526	7.8085
20.7817	8.55703
21.5658	9.14264
22.3621	8.34504
7.91144	8.78385
11.8015	12.8028
10.0614	8.59565
9.89552	7.64644
10.8302	7.33965
11.9129	7.88009
13.8691	8.96653
14.856	8.59042
15.6405	9.26847
16.1539	8.92063
17.0113	8.79633
18.1606	9.07094
24.3749	12.276
20.6632	9.62484
21.506	9.16097
22.7693	9.3486
8.97943	9.68422
10.5128	9.18321
10.8443	8.28236
11.8458	8.95028
13.1251	9.0974
12.9032	8.37886
14.0944	8.97343
21.8723	11.4269
16.5202	10.0291
22.7834	12.1857
19.0813	10.195
19.1746	9.20299
19.7777	9.92628
21.894	12.4797
22.5616	10.0433
23.8768	9.92575
9.29235	10.5905
10.3689	10.3629
19.654	12.7538
12.5444	9.80623
13.3771	10.3215
14.0745	9.59988
15.1166	9.48688
16.0443	10.0557
16.9611	10.7861
18.5797	11.107
18.9074	11.1046
19.9457	10.8452
19.9539	9.83539
20.8119	9.60882
23.2231	10.5961
23.9481	11.0528
10.3895	11.1479
11.1214	10.5214
12.2846	10.7692
12.7744	10.8355
13.9507	10.9331
14.7201	10.3496
15.7636	10.9747
16.7579	10.9758
17.8145	11.491
18.7058	12.0561
19.8224	11.6943
20.8703	11.7778
21.1157	10.7992
18.6946	12.1888
23.7136	11.312
24.4602	11.9461
10.4818	12.1143
11.6641	11.7967
12.89	11.7184
14.5899	12.4931
15.1132	11.5958
17.7696	11.6094
