-0.356354	0.362154
0.594194	-0.262738
1.75405	0.12701
2.53332	-0.443745
3.85301	-0.592496
4.60863	-1.06552
6.42536	0.0206147
7.32206	0.394562
8.14372	0.736526
9.26038	0.714169
9.31924	0.5519
10.3709	-0.115914
11.4446	0.173094
12.5586	0.0808342
13.6166	0.562524
14.4487	0.0678109
27.5874	12.9783
1.41504	0.111218
2.56872	0.401626
3.76342	0.141797
4.78653	0.578328
5.48902	-0.391302
7.36908	0.50618
8.27154	0.825639
9.19765	1.42507
10.181	1.37598
11.4825	1.19867
12.3613	0.485779
13.3293	0.812482
13.5453	1.45878
14.5385	1.26778
26.5918	13.1378
0.84741	1.8629
0.727108	0.770061
25.6322	13.2273
3.40762	1.2397
4.39123	1.38849
5.80995	1.14451
7.82253	1.46654
8.11013	1.19121
8.51146	1.9739
9.86458	2.57029
11.2425	2.0464
12.1191	2.18242
13.5784	1.68322
14.4369	1.48101
24.3167	12.8465
15.5863	1.68956
1.89475	1.22938
4.76144	2.75353
4.33056	1.76204
6.80186	2.59417
6.07637	2.02489
6.95799	1.7041
8.11393	2.32294
9.21617	2.87691
10.4051	3.49796
11.4016	3.17407
12.2273	2.87761
13.0672	2.61191
14.0987	2.38704
15.1891	2.26233
16.4274	2.50309
17.7519	2.14645
2.59087	3.03767
5.25291	3.8868
6.1497	3.13848
5.44848	2.39079
7.8836	2.96659
9.1673	3.14957
10.2172	3.2993
11.3933	3.31676
11.4138	4.16494
23.1761	13.0644
12.3123	3.9185
13.0728	3.76584
13.908	3.40948
14.8088	3.34025
15.9586	3.05606
17.4549	2.88612
3.94879	3.77829
5.12769	4.23832
6.98532	4.02458
7.76612	3.61613
8.85954	3.5154
9.79767	4.1444
10.7203	4.13273
11.6312	4.52651
12.5796	4.93566
13.3876	4.07873
22.1547	13.3262
14.0493	4.32376
15.7429	5.39743
16.3367	4.24226
17.0089	4.07804
17.6884	3.91652
4.96684	4.37178
5.12339	5.21174
6.07846	4.60933
7.59538	4.66189
8.84146	4.42588
8.67968	4.49867
14.6605	5.64178
15.5729	6.18571
16.4888	6.48478
13.8636	5.72465
14.8756	5.77658
15.9801	6.16901
15.0094	4.93242
16.9048	5.55026
21.1718	13.3603
20.0765	13.7086
5.97462	4.9594
6.93387	5.10242
7.81943	4.3869
8.50758	5.57363
16.6487	12.0675
15.7564	12.4039
14.7263	6.57927
15.7444	7.02676
14.8653	6.37029
14.9797	6.46765
14.1563	12.5512
17.0146	6.53666
17.8532	6.15278
17.9887	6.26548
21.3947	7.12493
20.9126	5.4588
6.12562	6.0504
7.05671	5.66403
8.01783	5.54281
9.25104	6.04182
10.1846	5.93667
13.079	6.96839
14.2255	7.15319
15.0788	7.57792
16.0693	8.10503
16.0278	7.1198
16.9108	7.23096
18.0831	6.93429
18.2518	5.97938
19.3016	7.13187
20.5199	7.77963
21.501	8.0292
7.74295	8.61213
8.04959	6.31046
9.0096	6.93505
10.2153	6.74644
12.1732	6.87469
13.2654	7.98562
14.2406	8.16762
13.0151	12.3475
16.5191	8.98677
16.5026	8.0104
17.8141	7.82613
19.0309	7.56017
19.8828	7.79302
21.1592	8.55378
21.9603	9.14211
22.7519	8.34967
8.31918	8.79697
12.4164	12.82
10.4367	8.59227
10.2431	7.64833
11.1692	7.31535
12.2747	7.87134
14.0971	9.17451
15.2962	8.63267
16.1065	9.28022
16.5469	8.93487
17.4021	8.80088
18.5725	9.06272
24.9084	12.258
21.0623	9.62376
21.9068	9.16306
23.1818	9.35179
9.4125	9.68689
10.8829	9.18381
11.2224	8.28591
12.2546	8.95508
13.5449	9.09791
13.2878	8.38488
14.5114	8.96504
22.388	11.3951
17.015	10.0066
23.3283	12.1469
19.5341	10.1838
19.6011	9.19612
20.1813	9.93796
22.4385	12.4464
22.989	10.0468
24.3155	9.93086
9.76725	10.5884
10.8681	10.6457
20.194	12.7432
12.9808	9.8102
13.8319	10.3161
14.5162	9.58833
15.5649	9.4665
16.5157	10.0422
17.4512	10.769
19.0818	11.1094
19.3981	11.1034
20.4279	10.8273
20.4103	9.81885
21.2675	9.5897
23.6732	10.6057
24.4158	11.0503
10.9061	11.154
11.6367	10.7053
12.8244	10.7975
13.2432	10.8373
14.427	10.9232
15.1876	10.3327
16.2435	10.9587
17.2487	10.9632
18.3132	11.4864
19.2206	12.0566
20.3314	11.6715
21.3852	11.7501
21.605	10.771
19.2177	12.1671
24.2005	11.3113
24.9688	11.9189
11.1534	12.0927
12.2233	11.8095
13.4658	11.7262
15.1873	12.4993
15.626	11.5578
18.2768	11.5918
