0.0287691	0.303241
0.859365	0.129928
2.02406	0.231568
2.80266	0.160065
4.05322	0.140149
4.93587	-0.175964
6.00239	-0.181131
6.87171	-0.169795
7.65953	-0.172576
8.71979	0.0527172
9.96184	0.107612
10.793	0.182469
11.8677	0.165634
12.9114	0.267054
13.8961	0.187856
14.8398	-0.0592318
15.4296	12.8785
1.33727	0.839373
2.47397	0.899386
3.66178	0.795537
4.44472	0.949921
5.55048	0.582484
6.33847	0.790127
7.26961	0.713294
8.34175	0.797172
9.26623	0.926893
10.2529	0.970708
11.3774	0.845648
12.264	0.937742
13.3001	0.875063
14.2497	1.03788
14.4484	12.8579
-0.0429247	1.66078
1.04351	1.73492
13.316	12.8604
3.05626	1.81134
4.04976	1.76025
4.85374	1.70724
5.98161	1.82816
6.93632	1.58925
7.77669	1.77954
9.02642	1.85303
9.83347	1.74529
10.6402	1.8858
12.0469	1.71412
12.9286	1.73661
12.5904	12.9123
14.8483	1.67826
0.367699	2.80328
1.34969	2.15872
2.37605	2.49771
3.56529	2.41491
4.45655	2.51264
5.40962	2.51858
6.43291	2.61216
7.36037	2.83507
8.39323	2.63581
9.22881	2.71029
10.5102	2.59948
11.3508	2.53596
12.3293	2.54251
13.3444	2.48439
14.4708	2.68107
15.3394	2.48154
-0.0322078	3.29304
0.81124	3.27025
1.97929	3.27023
2.90536	3.5619
3.79613	3.4651
5.05844	3.44718
6.08468	3.44606
6.96619	3.37181
7.80825	3.26803
11.4955	12.8348
10.1321	3.4636
10.8976	3.58948
11.8699	3.52311
12.7962	3.4821
13.966	3.17097
15.044	3.3517
0.439662	4.36459
1.62421	4.19799
2.56506	4.27569
3.42908	4.17496
4.51289	4.27822
5.59368	4.28826
6.46199	4.30161
7.36805	4.20133
8.32	4.18443
9.4877	4.33907
10.5011	12.9734
11.4478	4.33261
12.25	4.53653
13.6133	4.25648
14.347	4.50781
15.3694	4.35682
0.141885	5.18319
0.947068	4.89731
1.898	5.10906
2.83646	5.05865
4.10097	5.10235
4.87035	5.21158
6.01524	5.08812
7.0646	5.25314
8.02591	5.18848
9.05704	4.97283
9.97192	5.34927
11.0109	4.86765
11.9404	5.12014
12.8684	5.26021
9.63963	12.7169
8.52911	13.0137
0.468074	5.97813
1.39654	5.88554
2.53251	5.96069
3.46484	6.12811
4.60088	12.8569
3.64456	12.8435
6.42339	5.93467
7.53826	5.96952
8.63425	5.85837
9.62592	5.96577
2.54258	12.8807
11.5299	5.80444
12.3373	6.25028
13.4451	6.01934
14.5392	5.99434
15.277	5.97924
0.0726324	7.00617
1.06053	6.80585
1.80137	6.87784
3.03291	6.84136
3.9572	7.00962
5.04101	6.90907
6.17429	6.65444
7.1246	6.72831
7.95563	7.01547
9.16728	6.90301
9.80213	6.77689
10.9657	6.76411
11.8687	7.11812
12.9121	7.12532
14.0219	6.95703
14.8606	6.84596
0.543444	7.86351
1.52604	7.58933
2.39717	7.55332
3.58288	7.72842
4.57311	7.69051
5.59649	7.7813
6.56868	7.58919
1.54423	12.7773
8.47881	7.85577
9.43491	7.65712
10.3231	7.49515
11.5077	7.68294
12.2793	7.59478
13.5671	7.7344
14.3936	7.60771
15.5972	7.6964
0.257161	8.31837
0.679604	12.8511
2.03578	8.72703
2.98696	8.57116
3.95466	8.59617
5.01454	8.58982
6.18261	8.53016
6.95153	8.67665
7.96845	8.4766
9.04456	8.49332
9.90844	8.56195
10.938	8.60329
14.0279	11.9451
12.9679	8.62629
13.92	8.48772
14.9742	8.48031
0.662861	9.57446
1.59494	9.32281
2.55214	9.39341
3.54185	9.32911
4.73984	9.36932
5.48916	9.42347
6.67036	9.48142
13.0792	12.0189
8.48583	9.51743
12.0058	12.0348
10.3929	9.7175
11.4021	9.40878
12.3397	9.31948
11.1105	12.1888
14.504	9.60958
15.5162	9.34673
0.225293	10.3563
1.31584	10.2101
8.95503	12.1395
3.13152	10.2037
3.99572	10.4247
5.03075	10.2883
5.95934	10.178
6.89212	10.2817
8.03954	10.2698
8.95745	10.4338
10.0059	10.336
11.1051	10.2773
12.0757	9.99364
12.9561	10.1046
14.0854	10.2331
14.8586	10.3428
0.63107	11.1272
1.33061	10.9788
2.51977	10.9917
3.4779	11.1326
4.56853	10.9765
5.5108	11.0295
6.59647	11.2564
7.47082	11.1158
8.58345	11.2039
9.52157	11.207
10.6584	11.1701
11.6416	11.3007
12.6121	11.2839
7.98373	12.1923
14.5335	10.9325
15.4866	11.1589
0.11758	11.9515
1.14589	12.0659
2.17117	12.0624
2.9368	11.9266
3.96762	12.0545
7.07571	12.0566
