-0.361404	0.354139
0.665941	-0.307848
1.82806	0.104682
2.57712	-0.453921
3.36325	-0.437621
4.481	-0.986127
6.41607	0.0274137
7.31957	0.408571
8.14816	0.757446
9.26268	0.693465
9.30145	0.547567
10.3369	-0.138261
11.4226	0.131702
12.5435	0.0404609
13.6252	0.506215
14.4579	0.0202093
28.2719	12.9439
1.49429	0.0702873
2.64703	0.396081
3.83959	0.127279
4.85787	0.608483
5.46106	-0.408265
7.3674	0.536691
8.28246	0.837971
9.21493	1.44485
10.1985	1.35968
11.4929	1.1788
12.3546	0.445338
13.3378	0.773132
13.5899	1.40282
14.5858	1.21354
27.2699	13.0808
0.941466	1.82852
0.814019	0.736704
26.2508	13.1873
3.52079	1.23201
4.49495	1.43365
5.90399	1.17126
7.9402	1.46862
8.14508	1.19858
8.62742	1.95482
9.96998	2.5558
11.2955	2.03745
12.1818	2.18243
13.6279	1.68666
14.4777	1.45057
24.9184	12.8083
15.6623	1.64876
1.98463	1.18905
4.91092	2.74604
4.46411	1.76163
6.96558	2.58602
6.20675	2.04701
7.0766	1.70957
8.24833	2.31915
9.37146	2.84328
10.5838	3.45855
11.4864	3.16017
12.3075	2.873
13.147	2.60346
14.1792	2.36648
15.2719	2.23402
16.5219	2.46291
17.8674	2.1056
2.73657	2.99862
5.42033	3.87137
6.33075	3.13968
5.60243	2.39757
8.06553	2.95428
9.35704	3.13347
10.4146	3.28025
11.6046	3.2896
11.6277	4.13771
23.7774	13.0338
12.4232	3.87149
13.19	3.75486
14.0144	3.38874
14.9172	3.32019
16.0695	3.03629
17.5772	2.83667
4.13722	3.75202
5.32892	4.22515
7.19609	4.01758
7.96676	3.59262
9.05907	3.48951
10.005	4.12365
10.9377	4.1106
11.8648	4.50744
12.8295	4.91948
13.5071	3.95608
22.7629	13.3221
14.2004	4.30085
15.9534	5.38485
16.5082	4.223
17.1599	4.02722
17.8196	3.86502
5.18144	4.35416
5.31271	5.19844
6.29301	4.60792
7.83809	4.64467
9.0829	4.39834
8.88577	4.47395
14.9416	5.81795
15.8688	6.33636
16.7933	6.60764
14.1652	5.72383
15.1866	5.79085
16.3048	6.17856
15.191	4.9134
17.1439	5.52992
21.7738	13.3661
20.6761	13.7069
6.21538	4.95047
7.17577	5.08639
8.0672	4.37821
8.77566	5.5518
17.0854	12.2284
16.1281	12.3941
15.0349	6.75311
16.0649	7.17093
15.1869	6.37709
15.3003	6.47782
14.8217	12.5326
17.3528	6.54194
18.1366	6.05606
18.2826	6.25449
21.7863	7.12334
21.1651	5.47058
6.39155	6.03768
7.32624	5.6601
8.27568	5.53235
9.52478	6.03709
10.4576	5.92533
13.4142	7.10211
14.5507	7.34103
15.4157	7.74133
16.5738	8.17553
16.3699	7.13362
17.2703	7.24387
18.4367	6.93017
18.584	5.97171
19.6528	7.12639
20.9093	7.77504
21.9124	8.02506
8.1877	8.61016
8.34739	6.31232
9.33547	6.94301
10.5351	6.73196
12.5291	6.88767
13.626	8.11435
14.5946	8.35461
13.6674	12.3259
17.1722	8.96408
16.8865	8.03029
18.2016	7.83071
19.4112	7.53548
20.272	7.77575
21.5765	8.54326
22.3991	9.13147
23.1858	8.34444
8.77493	8.7979
13.0993	12.8144
10.8143	8.60109
10.5972	7.66224
11.5178	7.31128
12.6501	7.88213
14.3337	9.33764
15.7133	8.65961
16.5302	9.30532
16.9699	8.95621
17.8218	8.81001
19.0129	9.05955
25.4855	12.2321
21.5066	9.61535
22.3517	9.15581
23.6412	9.3436
9.89691	9.67562
11.2516	9.19919
11.6044	8.30645
12.6646	8.98203
13.9663	9.12335
13.6817	8.41382
14.9299	8.98836
22.9317	11.3683
17.446	10.029
23.9012	12.1132
20.0157	10.1767
20.0564	9.19382
20.6298	9.94097
23.0108	12.4182
23.4658	10.0376
24.8057	9.92184
10.298	10.5702
11.401	10.6631
20.7563	12.7377
13.4121	9.8418
14.281	10.3365
14.9574	9.60695
16.014	9.47532
16.9923	10.0481
17.9564	10.7538
19.6033	11.1139
19.9176	11.1054
20.9386	10.814
20.8945	9.80764
21.7513	9.57676
24.1771	10.6006
24.9387	11.032
11.4822	11.1434
12.1731	10.7346
13.3639	10.8447
13.7065	10.8654
14.8972	10.938
15.6556	10.3455
16.7316	10.9627
17.7496	10.967
18.8312	11.4838
19.7583	12.0586
20.8659	11.6563
21.9267	11.7283
22.1221	10.7481
19.7564	12.1556
24.737	11.2989
25.5283	11.8763
11.9853	11.9746
12.8458	11.8026
14.1025	11.7069
15.8534	12.5677
16.1193	11.5636
18.797	11.5873
