-0.384786	0.345508
0.705285	-0.346791
1.87056	0.0868773
2.58697	-0.460844
3.3387	-0.403974
4.44418	-0.98201
6.43144	0.032014
7.33733	0.424368
8.16863	0.783718
9.27644	0.67124
9.29234	0.54515
10.3026	-0.157131
11.3986	0.094121
12.5255	0.00585755
13.6261	0.461087
14.4514	-0.0235034
28.9636	12.9089
1.54526	0.0283825
2.69463	0.394085
3.87872	0.109032
4.91317	0.61454
5.46241	-0.42546
7.39236	0.555785
8.31278	0.853645
9.24864	1.46855
10.2278	1.34251
11.4996	1.16013
12.3464	0.409642
13.3454	0.739486
13.636	1.35645
14.6329	1.16338
27.9578	13.0335
1.03734	1.80897
0.893923	0.720777
26.8915	13.1597
3.61365	1.2239
4.58175	1.45286
5.98671	1.18132
8.05193	1.46161
8.19904	1.20048
8.73492	1.9399
10.0781	2.54741
11.3587	2.02983
12.2545	2.18495
13.6821	1.70159
14.5201	1.42674
25.5503	12.7742
15.74	1.61641
2.07169	1.15892
5.04756	2.73895
4.58196	1.76328
7.11961	2.57128
6.33143	2.05249
7.18766	1.70015
8.37611	2.30614
9.5183	2.81112
10.7544	3.42671
11.5916	3.14457
12.3961	2.87102
13.2353	2.60025
14.267	2.35265
15.3602	2.212
16.6217	2.42973
17.9878	2.07492
2.88951	2.97026
5.57784	3.8546
6.50656	3.14628
5.74538	2.40878
8.24025	2.94086
9.54036	3.1192
10.6064	3.26549
11.8155	3.27016
11.8372	4.11831
24.4099	13.0052
12.5431	3.83615
13.3137	3.74788
14.1283	3.37453
15.0329	3.30627
16.1876	3.02377
17.7053	2.79709
4.33612	3.73911
5.54104	4.22824
7.40776	4.01648
8.16342	3.57241
9.25248	3.46607
10.2069	4.10644
11.1509	4.09298
12.096	4.49453
13.0787	4.91121
13.6298	3.87022
23.4054	13.3211
14.3568	4.2835
16.1702	5.379
16.6859	4.2118
17.3147	3.98419
17.9573	3.82312
5.40916	4.35044
5.4948	5.20057
6.51905	4.62529
8.08997	4.63109
9.33261	4.37084
9.08612	4.45171
15.2628	5.84996
16.211	6.32871
17.1461	6.56107
14.4717	5.73238
15.5037	5.81383
16.6371	6.19631
15.3783	4.90061
17.3894	5.5171
22.4133	13.3768
21.313	13.7091
6.4719	4.95598
7.43182	5.0879
8.32766	4.38531
9.06202	5.53254
17.6995	12.2496
16.753	12.4514
15.3922	6.78081
16.4408	7.15305
15.516	6.39313
15.6291	6.49625
15.4899	12.5181
17.7002	6.55502
18.416	5.9736
18.5852	6.25234
22.1905	7.13544
21.4362	5.50017
6.67766	6.03799
7.61611	5.66985
8.55033	5.5368
9.81815	6.04415
10.7506	5.92991
13.7985	7.15009
14.9348	7.38982
15.8169	7.75099
16.8673	8.19532
16.722	7.15637
17.6404	7.26574
18.8004	6.93537
18.9263	5.97387
20.0147	7.13134
21.3099	7.78247
22.3356	8.03429
8.64483	8.62432
8.66999	6.32725
9.69056	6.96351
10.8814	6.72964
12.9177	6.91874
14.0457	8.15427
15.0241	8.40041
14.3254	12.3121
17.4009	9.02905
17.284	8.05954
18.6012	7.84416
19.8016	7.52029
20.6706	7.77005
22.0044	8.54525
22.8484	9.13436
23.6318	8.35432
9.24336	8.81582
13.7868	12.8121
11.2288	8.62549
10.9847	7.69329
11.8979	7.32168
13.0614	7.91015
14.7671	9.38447
16.1566	8.69607
16.9897	9.33359
17.4095	8.98603
18.2575	8.82766
19.4708	9.06306
26.0818	12.2197
21.9619	9.61878
22.8085	9.16185
24.1117	9.35043
10.3932	9.68256
11.6536	9.23256
12.0248	8.34733
13.1181	9.03257
14.43	9.17013
14.1094	8.4647
15.3804	9.02932
23.502	11.3449
17.9228	10.0476
24.5032	12.0822
20.52	10.1741
20.5308	9.19689
21.0892	9.95526
23.6128	12.3925
23.9554	10.0427
25.307	9.92917
10.8394	10.5689
11.9462	10.6851
21.3543	12.7375
13.9018	9.89265
14.7937	10.3772
15.4457	9.63342
16.4968	9.49218
17.5015	10.0606
18.4909	10.7448
20.1615	11.124
20.4638	11.1126
21.4748	10.8039
21.4002	9.80101
22.2567	9.5694
24.6948	10.6106
25.4733	11.03
12.0674	11.1505
12.723	10.77
13.9177	10.9007
14.2331	10.9122
15.4315	10.9846
16.167	10.3679
17.2601	10.9762
18.2878	10.9741
19.385	11.4843
20.3303	12.0664
21.4306	11.6403
22.4973	11.7077
22.6633	10.7288
20.3299	12.1495
25.2899	11.3012
26.1068	11.8417
12.5761	11.9856
13.4756	11.8044
14.7424	11.6925
16.5144	12.6449
16.6799	11.6195
19.3532	11.5873
