-0.41685	0.335515
0.738311	-0.383629
1.90804	0.0692139
2.59401	-0.46756
3.33144	-0.382989
4.41114	-0.981149
6.44849	0.0409219
7.35658	0.446276
8.19046	0.817791
9.28749	0.649721
9.28314	0.542246
10.265	-0.174615
11.3703	0.0583155
12.5029	-0.0256506
13.6212	0.42123
14.4366	-0.063672
29.6759	12.8755
1.59171	-0.0126539
2.73828	0.391042
3.91392	0.0937566
4.96842	0.621776
5.46371	-0.438298
7.42149	0.576647
8.34443	0.879244
9.28652	1.49795
10.2574	1.32502
11.5041	1.14489
12.3346	0.376341
13.3501	0.708834
13.6815	1.3127
14.678	1.11489
28.6682	12.9916
1.13517	1.79133
0.974984	0.707763
27.562	13.136
3.70348	1.21641
4.66524	1.47072
6.07188	1.19242
8.16651	1.45452
8.25514	1.20704
8.84146	1.92953
10.1887	2.54332
11.4242	2.02227
12.3304	2.18776
13.7385	1.72245
14.5618	1.40612
26.2117	12.7426
15.8185	1.5858
2.16036	1.13115
5.18444	2.73146
4.70004	1.76498
7.27647	2.56077
6.4603	2.05818
7.30154	1.69048
8.50687	2.29267
9.66619	2.78114
10.9266	3.39814
11.7062	3.12562
12.4885	2.8689
13.3274	2.59845
14.358	2.34071
15.4508	2.19293
16.7239	2.39808
18.1112	2.04557
3.04678	2.94315
5.73943	3.83502
6.68752	3.15282
5.89203	2.41905
8.41993	2.93239
9.72924	3.1098
10.8045	3.25553
12.0326	3.25376
12.0527	4.10195
25.0723	12.9774
12.6686	3.80188
13.4419	3.74089
14.2472	3.36185
15.1539	3.29539
16.3113	3.01403
17.8366	2.75855
4.5421	3.72796
5.76149	4.23343
7.62598	4.01611
8.3669	3.5573
9.45159	3.44927
10.4161	4.0943
11.3716	4.07952
12.3362	4.48501
13.3384	4.90551
13.7558	3.80413
24.0797	13.3211
14.5182	4.26665
16.3964	5.37452
16.8725	4.20349
17.4742	3.94108
18.0993	3.78189
5.6459	4.34763
5.66292	5.20187
6.75471	4.645
8.34789	4.62046
9.58814	4.34691
9.29431	4.4364
15.5858	5.87732
16.5587	6.30363
17.5048	6.48602
14.7936	5.74369
15.8375	5.83832
16.9876	6.21547
15.5728	4.88873
17.6458	5.50619
23.0859	13.3876
21.9825	13.7094
6.73935	4.96163
7.69794	5.09339
8.59732	4.39534
9.35722	5.51683
18.3548	12.2611
17.4226	12.5006
15.766	6.79969
16.8341	7.11685
15.8629	6.41105
15.9763	6.51569
16.1891	12.5031
18.0671	6.56944
18.699	5.89762
18.9036	6.25232
22.6189	7.15047
21.7201	5.53146
6.977	6.03708
7.91921	5.67866
8.83749	5.54331
10.1266	6.05102
11.0595	5.94019
14.2048	7.19417
15.3415	7.43212
16.2415	7.74595
17.1761	8.18981
17.0946	7.17986
18.0316	7.28872
19.1847	6.94282
19.2887	5.97869
20.3974	7.13846
21.7344	7.79196
22.7843	8.04581
9.13055	8.64117
9.00808	6.34028
10.0634	6.98118
11.245	6.72902
13.3272	6.95096
14.494	8.18705
15.4844	8.43655
15.0155	12.3012
17.6405	9.06396
17.7042	8.08952
19.0227	7.85902
20.2127	7.50764
21.0904	7.76702
22.457	8.54886
23.3241	9.13858
24.1051	8.36674
9.74156	8.83669
14.5053	12.8096
11.6672	8.64602
11.393	7.72223
12.2995	7.33307
13.4982	7.93802
15.2371	9.4231
16.6298	8.73175
17.483	9.35745
17.8728	9.01523
18.7166	8.84573
19.9523	9.06709
26.7091	12.21
22.4442	9.62315
23.2923	9.16915
24.6103	9.35902
10.9203	9.69274
12.0777	9.26283
12.4695	8.3865
13.5993	9.08169
14.9217	9.21526
14.5657	8.51331
15.8598	9.0666
24.0998	11.323
18.4377	10.0576
25.1338	12.053
21.0502	10.171
21.0298	9.2005
21.575	9.96849
24.2432	12.3674
24.4746	10.0482
25.8387	9.93806
11.413	10.5693
12.5264	10.7047
21.9823	12.7369
14.422	9.94238
15.3384	10.4151
15.9626	9.65612
17.0074	9.50591
18.0383	10.0709
19.0483	10.7383
20.7477	11.1341
21.038	11.12
22.0383	10.7936
21.931	9.79541
22.7879	9.56471
25.2446	10.6208
26.0396	11.0283
12.6852	11.1595
13.3107	10.8022
14.5121	10.9514
14.7929	10.9566
16	11.0295
16.7078	10.3863
17.8169	10.9871
18.8542	10.9791
19.9664	11.4841
20.9314	12.0737
22.0233	11.6236
23.0958	11.687
23.2306	10.7107
20.9317	12.143
25.8748	11.3047
26.7182	11.8029
13.2366	11.976
14.1367	11.8085
15.4101	11.6776
17.2013	12.7058
17.2805	11.6701
19.9376	11.586
