-0.453971	0.325352
0.764407	-0.417505
1.94029	0.0518963
2.59776	-0.474265
3.32947	-0.36958
4.37989	-0.979952
6.46797	0.0545005
7.37838	0.474314
8.215	0.859372
9.29593	0.627813
9.27386	0.537679
10.2245	-0.191507
11.3384	0.023516
12.4769	-0.054855
13.6119	0.385268
14.4166	-0.0999305
30.4152	12.8442
1.63319	-0.052482
2.7781	0.386665
3.94532	0.0805569
5.02361	0.630197
5.46543	-0.446383
7.45515	0.600572
8.37824	0.91493
9.32964	1.53295
10.2871	1.3062
11.5079	1.13286
12.3198	0.344754
13.3523	0.680575
13.7267	1.26953
14.7219	1.06788
29.407	12.9542
1.23572	1.77545
1.05786	0.697721
28.2646	13.1153
3.79105	1.20865
4.74589	1.48781
6.15967	1.2045
8.28401	1.44761
8.31488	1.21824
8.94982	1.92287
10.3026	2.54401
11.4923	2.01373
12.4097	2.18978
13.7981	1.74858
14.6031	1.38827
26.9049	12.7127
15.8985	1.55674
2.25141	1.10551
5.32601	2.72065
4.81908	1.76579
7.43721	2.55334
6.59324	2.0641
7.41828	1.68078
8.64085	2.27887
9.81566	2.7541
11.1011	3.37371
11.8325	3.10055
12.5848	2.8655
13.4236	2.59701
14.4525	2.32973
15.5442	2.17625
16.8291	2.36783
18.2384	2.01715
3.20927	2.91672
5.90624	3.81116
6.87455	3.15796
6.04309	2.4274
8.60579	2.9277
9.92493	3.10446
11.0099	3.24989
12.258	3.24111
12.2747	4.08937
25.7666	12.9497
12.8	3.76946
13.5748	3.73278
14.3714	3.34969
15.2806	3.2867
16.4408	3.00645
17.9718	2.72064
4.75626	3.71764
5.99162	4.23918
7.85187	4.01476
8.57851	3.54518
9.65783	3.43778
10.6335	4.08657
11.6009	4.06991
12.5861	4.47904
13.6091	4.90303
13.8872	3.75846
24.7879	13.3212
14.6849	4.24941
16.6322	5.37096
17.0687	4.19782
17.6378	3.89689
18.2465	3.74082
5.89286	4.34472
5.80555	5.19467
7.0014	4.66544
8.6135	4.61079
9.85127	4.32502
9.51106	4.42653
15.9208	5.90641
16.918	6.27223
17.8732	6.39833
15.1318	5.75835
16.1889	5.86506
17.357	6.23674
15.7748	4.87713
17.9134	5.49707
23.7937	13.3969
22.6867	13.7061
7.01907	4.96617
7.97564	5.10119
8.87804	4.40705
9.66279	5.50277
19.049	12.2691
18.1325	12.5425
16.1563	6.81622
17.2426	7.06928
16.2287	6.43144
16.3429	6.53682
16.9198	12.4884
18.4545	6.58585
18.9859	5.83208
19.2382	6.25433
23.0723	7.16874
22.0183	5.56297
7.29072	6.03354
8.23674	5.68529
9.13849	5.55059
10.4513	6.05683
11.3852	5.95538
14.6334	7.23805
15.7708	7.47308
16.6881	7.73208
17.5077	8.16379
17.4887	7.20475
18.4447	7.3133
19.5905	6.9528
19.6718	5.98649
20.8013	7.14777
22.183	7.80365
23.259	8.05986
9.64525	8.66105
9.36274	6.35017
10.4549	6.99476
11.6272	6.72876
13.7591	6.98321
14.9704	8.21576
15.974	8.46707
15.7386	12.2936
17.9107	9.06792
18.1483	8.12074
19.4671	7.87555
20.6455	7.49757
21.5322	7.7666
22.9347	8.55422
23.8265	9.1444
24.6062	8.38204
10.2699	8.86086
15.2555	12.8077
12.1313	8.66068
11.8233	7.74759
12.7236	7.34387
13.9615	7.96429
15.7386	9.45653
17.1331	8.76203
18.0067	9.37617
18.3616	9.04428
19.2008	8.86447
20.459	9.07166
27.3688	12.2024
22.9537	9.62841
23.8037	9.17788
25.1373	9.36961
11.4785	9.70662
12.5257	9.28794
12.9401	8.42207
14.1103	9.12714
15.4436	9.25709
15.0519	8.55823
16.3695	9.09884
24.727	11.302
18.9832	10.0627
25.7951	12.0248
21.608	10.1672
21.5551	9.20464
22.0876	9.98147
24.9044	12.3424
25.0238	10.0546
26.4009	9.94884
12.0186	10.5718
13.1418	10.7215
22.6424	12.7346
14.9754	9.98831
15.9168	10.4485
16.5099	9.67356
17.5473	9.51539
18.6044	10.0778
19.6319	10.7315
21.3634	11.143
21.6421	11.1267
22.6307	10.7825
22.4889	9.79066
23.3464	9.56254
25.8266	10.6315
26.6378	11.0274
13.3359	11.1708
13.9364	10.8288
15.1474	10.9922
15.3877	10.9963
16.6044	11.0712
17.2793	10.3993
18.4037	10.9943
19.4504	10.9808
20.5773	11.4821
21.5633	12.0793
22.6457	11.6053
23.7241	11.6657
23.8261	10.6936
21.5638	12.1347
26.4922	11.3096
27.3626	11.7589
13.9288	11.9678
14.8297	11.8156
16.1058	11.6632
17.917	12.7553
17.9218	11.7166
20.552	11.5822
