-0.494321	0.314975
0.784129	-0.448374
1.968	0.0349686
2.59882	-0.48084
3.32871	-0.360576
4.35044	-0.97649
6.49134	0.0733595
7.40439	0.508879
8.24411	0.908668
9.30179	0.6046
9.26421	0.530725
10.1813	-0.208253
11.3031	-0.0106308
12.4475	-0.0821284
13.5992	0.3525
14.393	-0.132364
31.1848	12.8149
1.67004	-0.0908814
2.81489	0.380987
3.97383	0.0693929
5.07959	0.64019
5.46879	-0.449242
7.49461	0.628721
8.41562	0.96156
9.3795	1.57406
10.3169	1.2853
11.5115	1.12391
12.3022	0.314508
13.3523	0.654331
13.7721	1.22556
14.765	1.02201
30.1775	12.921
1.33991	1.76095
1.14404	0.690325
29.0014	13.0972
3.8775	1.20038
4.82457	1.50482
6.25103	1.21795
8.40517	1.44148
8.38021	1.23431
9.0623	1.91968
10.4211	2.55026
11.5628	2.00342
12.4927	2.19019
13.8615	1.77939
14.6442	1.37283
27.6318	12.6844
15.9807	1.52893
2.34612	1.08199
5.47177	2.70692
4.94017	1.76557
7.60306	2.54899
6.73087	2.07077
7.53864	1.67165
8.77891	2.26529
9.968	2.73079
11.2793	3.35436
11.9728	3.06588
12.6852	2.85992
13.5241	2.59506
14.5507	2.31884
15.6407	2.16141
16.9377	2.33887
18.3705	1.98944
3.37797	2.8907
6.07935	3.78244
7.06868	3.16153
6.19952	2.43391
8.79915	2.92687
10.1288	3.1034
11.2243	3.24888
12.4937	3.23303
12.5048	4.08138
26.4948	12.9217
12.9371	3.73942
13.7126	3.72265
14.5011	3.33716
15.413	3.27934
16.5761	3.0004
18.1117	2.68305
4.97979	3.70778
6.23269	4.2452
8.08653	4.01204
8.79961	3.53538
9.87267	3.43164
10.8604	4.08352
11.84	4.06456
12.8472	4.47716
13.8922	4.90445
14.0243	3.734
25.5319	13.3211
14.8572	4.23104
16.8782	5.36802
17.2755	4.19463
17.804	3.85056
18.3998	3.69954
6.15128	4.34129
5.8623	5.14539
7.26048	4.6862
8.88837	4.60147
10.1237	4.30492
9.73757	4.42204
16.2683	5.94098
17.2875	6.24035
18.2491	6.30091
15.4878	5.77685
16.5592	5.89466
17.7468	6.26074
15.9846	4.8653
18.193	5.48969
24.5383	13.4036
23.4272	13.6981
7.31238	4.96918
8.26636	5.11079
9.17159	4.42033
9.98026	5.48978
19.7828	12.2767
18.8823	12.5785
16.5637	6.83316
17.6649	7.01265
16.6147	6.45476
16.7302	6.56015
17.6844	12.4741
18.8635	6.60489
19.2781	5.78108
19.59	6.25833
23.5515	7.19041
22.3323	5.59401
7.6199	6.02678
8.56987	5.68947
9.45465	5.55849
10.7933	6.06189
11.7288	5.97629
15.0851	7.28329
16.2233	7.51451
17.156	7.71109
17.871	8.11978
17.9056	7.23142
18.8811	7.33978
20.0191	6.9656
20.0769	5.9976
21.2274	7.15925
22.6567	7.81764
23.7607	8.07651
10.1899	8.68406
9.73499	6.35674
10.866	7.00419
12.0292	6.72893
14.2145	7.0159
15.4752	8.24105
16.493	8.49255
16.4968	12.2891
18.2212	9.04564
18.6181	8.15345
19.9359	7.89395
21.1013	7.49015
21.9972	7.76872
23.4385	8.56138
24.3566	9.15187
25.1361	8.40032
10.8295	8.88842
16.0391	12.8064
12.6225	8.66885
12.2767	7.76935
13.1715	7.35406
14.4522	7.98904
16.2721	9.48531
17.6669	8.78635
18.5604	9.39009
18.8778	9.07329
19.7118	8.88399
20.9926	9.07688
28.0624	12.1967
23.4913	9.63443
24.3434	9.18808
25.6937	9.38223
12.069	9.7243
12.9983	9.3074
13.4379	8.45404
14.6527	9.1689
15.9971	9.29581
15.569	8.59978
16.9102	9.12661
25.3853	11.2821
19.5582	10.0643
26.4889	11.9977
22.195	10.1628
22.1081	9.20945
22.6281	9.9947
25.5979	12.3173
25.6036	10.0619
26.9946	9.96157
12.6571	10.5767
13.7928	10.7353
23.336	12.7299
15.5634	10.0304
16.5304	10.4773
17.0887	9.68607
18.1174	9.52102
19.2007	10.0813
20.2434	10.7236
22.0101	11.1505
22.2776	11.1323
23.2539	10.7706
23.0753	9.78685
23.934	9.56309
26.4416	10.6429
27.2686	11.0271
14.0207	11.1842
14.6001	10.8491
15.8236	11.0216
16.0188	11.0314
17.2464	11.1098
17.8826	10.4072
19.0216	10.9978
20.0776	10.9793
21.2191	11.478
22.2276	12.0829
23.2995	11.5854
24.3837	11.6437
24.4513	10.6775
22.2276	12.1242
27.1433	11.3157
28.0405	11.7087
14.6539	11.9615
15.5567	11.8254
16.8321	11.6497
18.6649	12.7967
18.6051	11.7597
21.1978	11.5758
