-0.536834	0.303751
0.79771	-0.476915
1.99151	0.0179333
2.59745	-0.487592
3.32716	-0.353853
4.32308	-0.969766
6.52002	0.0977637
7.4362	0.550101
8.27955	0.965704
9.3041	0.578956
9.25291	0.520591
10.1345	-0.225245
11.2638	-0.0444548
12.4144	-0.1078
13.5828	0.322368
14.3665	-0.161141
31.9869	12.787
1.70213	-0.127989
2.84908	0.373613
4.00004	0.0600519
5.13704	0.651844
5.4749	-0.44675
7.54133	0.661577
8.4581	1.01949
9.43738	1.62164
10.3455	1.2614
11.5147	1.11764
12.2811	0.28525
13.3495	0.629732
13.8172	1.17953
14.807	0.977063
30.9821	12.8916
1.44813	1.74739
1.2352	0.684923
29.774	13.0811
3.96355	1.19104
4.90167	1.52203
6.34673	1.23283
8.53068	1.43641
8.45295	1.25487
9.1805	1.91942
10.5458	2.56245
11.6347	1.99043
12.5781	2.18809
13.9287	1.81407
14.6844	1.35936
28.3934	12.6576
16.0651	1.50216
2.44564	1.06086
5.6223	2.68953
5.06415	1.76367
7.77519	2.54743
6.87382	2.07847
7.66329	1.66332
8.92178	2.25211
10.1244	2.7114
11.4625	3.34041
12.1235	3.01904
12.7887	2.8512
13.628	2.59167
14.6518	2.30709
15.7396	2.14779
17.0495	2.31126
18.5078	1.96258
3.55326	2.8653
6.26018	3.74736
7.2711	3.16223
6.36228	2.4378
9.00138	2.92974
10.3422	3.10651
11.4488	3.25242
12.7414	3.22976
12.7442	4.07818
27.2578	12.8933
13.0786	3.70559
13.8542	3.7096
14.6353	3.32334
15.5498	3.27239
16.7159	2.99521
18.2569	2.64584
5.21302	3.69884
6.48769	4.246
8.33144	4.00609
9.03186	3.52606
10.0978	3.43064
11.0984	4.08508
12.0904	4.06338
13.1208	4.47937
14.1891	4.90988
14.1655	3.73221
26.3125	13.3201
15.0341	4.21075
17.1339	5.36545
17.4931	4.19388
17.9687	3.80087
18.5595	3.65808
6.42026	4.34031
5.92645	5.03947
7.53347	4.70467
9.17412	4.59078
10.4072	4.28605
9.97527	4.42268
16.6296	5.98509
17.6677	6.21023
18.6311	6.19934
15.8627	5.79914
16.9498	5.92719
18.1581	6.28756
16.2015	4.85273
18.4844	5.48407
25.3202	13.407
24.2048	13.6844
7.61915	4.97271
8.57092	5.12083
9.4794	4.43467
10.3108	5.47696
20.5576	12.2858
19.6725	12.6098
16.9874	6.8541
18.0971	6.94942
17.0221	6.48093
17.1393	6.58567
18.4846	12.4601
19.2951	6.62663
19.5764	5.74832
19.959	6.26426
24.0571	7.21538
22.6621	5.62667
7.96457	6.01855
8.91855	5.69274
9.78656	5.56656
11.153	6.06676
12.0904	6.00452
15.56	7.33204
16.699	7.55904
17.6438	7.68521
18.261	8.06357
18.3465	7.25983
19.3418	7.36811
20.4716	6.98123
20.5049	6.01207
21.6762	7.17277
23.1562	7.83376
24.2899	8.09558
10.7652	8.70986
10.1248	6.36105
11.2967	7.01005
12.4513	6.73005
14.6939	7.05018
16.0083	8.26393
17.0413	8.51412
17.2924	12.2865
18.5763	9.00186
19.1151	8.1874
20.43	7.91412
21.5809	7.48519
22.4861	7.77315
23.9691	8.5701
24.915	9.16073
25.6953	8.4213
11.4209	8.91895
16.858	12.8048
13.1412	8.67055
12.7535	7.78826
13.6433	7.36428
14.9702	8.01303
16.8375	9.51054
18.2306	8.80529
19.1434	9.3998
19.4226	9.1019
20.2509	8.90399
21.5539	9.0826
28.7912	12.1925
24.0573	9.64082
24.9121	9.19951
26.2801	9.39647
12.6923	9.74524
13.4952	9.32141
13.9633	8.48333
15.227	9.20809
16.5829	9.33242
16.117	8.63906
17.482	9.15121
26.0759	11.2631
20.1618	10.063
27.2162	11.9715
22.8121	10.1576
22.6898	9.21494
23.1973	10.0083
26.3247	12.2917
26.2147	10.0698
27.6205	9.97577
13.3291	10.5833
14.4792	10.7462
24.0638	12.7222
16.1868	10.07
17.1798	10.5026
17.6991	9.69472
18.7176	9.52376
19.8274	10.082
20.8837	10.7143
22.6881	11.1563
22.9455	11.1366
23.9086	10.7575
23.6912	9.78402
24.5515	9.56651
27.09	10.6547
27.9326	11.027
14.7409	11.1992
15.3012	10.8634
16.5392	11.0399
16.6872	11.0632
17.927	11.1458
18.5178	10.4111
19.671	10.9981
20.736	10.975
21.8921	11.4717
22.9247	12.084
23.9853	11.5636
25.0755	11.6209
25.1073	10.6623
22.9237	12.1112
27.8289	11.3227
28.7518	11.6509
15.4131	11.9565
16.3195	11.8369
17.5909	11.6367
19.4474	12.8325
19.3314	11.8003
21.8753	11.5666
