-0.581519	0.290159
0.80412	-0.504797
2.00983	-0.000565943
2.59268	-0.495545
3.32312	-0.34875
4.29786	-0.959919
6.555	0.12719
7.4751	0.597162
8.32289	1.02939
9.30047	0.548599
9.23742	0.50527
10.0821	-0.244167
11.2185	-0.0795144
12.3758	-0.133434
13.5616	0.293367
14.3364	-0.187428
32.8224	12.7592
1.7281	-0.16501
2.87977	0.363403
4.02331	0.0518335
5.1954	0.664595
5.48438	-0.439413
7.59652	0.69866
8.50767	1.08703
9.50441	1.67485
10.3703	1.23237
11.5158	1.11215
12.2548	0.255295
13.3421	0.604967
13.8606	1.12918
14.8466	0.931906
31.8219	12.8649
1.56056	1.73308
1.3328	0.679524
30.5828	13.0656
4.04858	1.17956
4.97618	1.53899
6.4463	1.24871
8.65997	1.43241
8.53398	1.2789
9.30438	1.92135
10.6775	2.57998
11.7054	1.97251
12.6634	2.18116
13.9981	1.84978
14.7219	1.34573
29.19	12.6307
16.1513	1.47515
2.55092	1.041
5.77746	2.66705
5.19043	1.75922
7.95318	2.54822
7.0214	2.08699
7.79162	1.65563
9.06895	2.2393
10.2849	2.69553
11.6514	3.33137
12.2848	2.95299
12.8927	2.83697
13.7326	2.58439
14.7534	2.29195
15.8388	2.13294
17.1641	2.28394
18.6507	1.93528
3.73639	2.83904
6.44813	3.70441
7.48127	3.15943
6.53073	2.43854
9.21219	2.93603
10.5649	3.11341
11.6835	3.2601
13.001	3.23076
12.9934	4.07916
28.0558	12.8629
13.2219	3.66393
13.9971	3.69133
14.771	3.30584
15.6874	3.26311
16.8557	2.98833
18.4089	2.60798
5.45721	3.68929
6.75628	4.24312
8.58608	3.99617
9.27505	3.51629
10.3329	3.43465
11.3474	4.0909
12.3519	4.06593
13.407	4.4851
14.4999	4.91858
14.3051	3.75685
27.1296	13.3166
15.2133	4.18628
17.3978	5.36158
17.722	4.19435
18.1204	3.74357
18.7273	3.61538
6.70169	4.33958
6.27882	5.08673
7.82088	4.72089
9.47079	4.57783
10.7021	4.26767
10.2242	4.4283
16.995	6.04664
18.0487	6.18162
19.0079	6.09082
16.2569	5.82422
17.3609	5.96177
18.5909	6.31625
16.4237	4.83748
18.787	5.47919
26.1391	13.4048
25.0191	13.663
7.94071	4.97504
8.89042	5.13033
9.80267	4.44921
10.6549	5.46332
21.3749	12.2964
20.5037	12.6366
17.4266	6.88147
18.5419	6.88497
17.4512	6.50891
17.5704	6.61238
19.3215	12.4449
19.7496	6.65011
19.8805	5.73719
20.3448	6.27099
24.5887	7.24249
23.009	5.65878
8.3256	6.007
9.28376	5.69367
10.1352	5.57392
11.5312	6.07069
12.4701	6.04092
16.0579	7.38531
17.1978	7.60794
18.1498	7.65514
18.6866	8.00178
18.8116	7.28887
19.8267	7.39718
20.9479	6.99864
20.956	6.02894
22.1472	7.18712
23.6809	7.85076
24.8462	8.11577
11.3707	8.73707
10.5329	6.36198
11.7474	7.01149
12.8943	6.7314
15.1977	7.08594
16.5697	8.28391
17.6183	8.53126
18.126	12.2836
18.9847	8.94568
19.6395	8.22124
20.9495	7.93492
22.0844	7.48149
22.9987	7.77862
24.5262	8.57911
25.5013	9.16961
26.2834	8.44365
12.0437	8.95104
17.7126	12.8009
13.688	8.66423
13.2542	7.80372
14.1396	7.37384
15.5159	8.03574
17.4351	9.53167
18.8237	8.81825
19.7553	9.40468
19.9964	9.12863
20.8185	8.92308
22.1432	9.08759
29.5554	12.1883
24.6517	9.64609
25.5096	9.21083
26.8964	9.41087
13.3482	9.76781
14.0162	9.32856
14.5169	8.5096
15.8339	9.24464
17.2014	9.3667
16.696	8.67588
18.0845	9.17269
26.7986	11.2438
20.7935	10.0582
27.977	11.945
23.4592	10.1502
23.3001	9.22001
23.795	10.0214
27.085	12.2643
26.8567	10.077
28.2782	9.98993
14.0341	10.5901
15.2002	10.7535
24.8255	12.71
16.8466	10.1073
17.8655	10.5241
18.3411	9.69929
19.3476	9.52345
20.4842	10.0794
21.5527	10.7026
23.3971	11.1592
23.6458	11.1382
24.5949	10.742
24.3368	9.78104
25.1991	9.57182
27.7717	10.6654
28.6295	11.0253
15.4968	11.2141
16.038	10.8714
17.2921	11.048
17.3939	11.0916
18.6473	11.1786
19.1846	10.4106
20.3516	10.9947
21.4255	10.9669
22.5963	11.4621
23.6546	12.0814
24.7033	11.539
25.7994	11.5958
25.794	10.6468
23.6518	12.0943
28.549	11.3291
29.4949	11.5833
16.2072	11.9515
17.1187	11.8481
18.3831	11.6229
20.2651	12.8635
20.1017	11.8377
22.5843	11.5537
