-0.626893	0.275979
0.804803	-0.530427
2.02459	-0.018768
2.58612	-0.502655
3.31854	-0.34279
4.27803	-0.945042
6.59997	0.163573
7.52506	0.651631
8.37834	1.10098
9.28708	0.510701
9.21386	0.482224
10.0222	-0.267186
11.1656	-0.117533
12.3304	-0.160762
13.5354	0.265807
14.3041	-0.209396
33.695	12.7332
1.74893	-0.199532
2.90878	0.352239
4.04569	0.0469514
5.25695	0.680613
5.5007	-0.425268
7.66383	0.742047
8.57012	1.1626
9.58417	1.73525
10.3867	1.19543
11.5122	1.10382
12.2215	0.222212
13.3282	0.576861
13.9003	1.07418
14.8839	0.889034
32.7007	12.8416
1.68115	1.72088
1.4444	0.675914
31.4297	13.051
4.13493	1.16772
5.04999	1.55799
6.55211	1.26795
8.79543	1.4323
8.62604	1.30858
9.43553	1.92837
10.8196	2.60449
11.7683	1.94677
12.7413	2.16625
14.0656	1.87836
14.7539	1.32683
30.0221	12.6022
16.2418	1.45093
2.66806	1.02727
5.93985	2.64104
5.32157	1.75418
8.13985	2.55365
7.17602	2.099
7.92598	1.65117
9.22267	2.22967
10.4522	2.68536
11.8492	3.32891
12.4431	2.86427
12.9892	2.81439
13.8298	2.56947
14.8487	2.26917
15.9323	2.10939
17.286	2.25966
18.8041	1.91226
3.94029	2.81566
6.64645	3.65428
7.70241	3.15491
6.70766	2.43828
9.43459	2.94818
10.8	3.1263
11.9313	3.27389
13.2752	3.23741
13.2556	4.08561
28.8891	12.829
13.3588	3.60256
14.1319	3.66555
14.8962	3.2818
15.8083	3.24381
16.9722	2.97123
18.5872	2.57852
5.72354	3.68233
7.047	4.24349
8.85417	3.98364
9.5328	3.50715
10.5814	3.44625
11.6107	4.10314
12.6279	4.07393
13.7088	4.49569
14.8277	4.93153
14.4231	3.82518
27.983	13.3079
15.3879	4.15351
17.6699	5.35189
17.9776	4.19444
18.1836	3.65608
18.9211	3.58085
7.00659	4.34061
6.6755	5.13577
8.13138	4.74034
9.78321	4.56363
11.0131	4.25093
10.4878	4.44144
17.38	6.12684
18.4416	6.16562
19.3884	5.98709
16.6732	5.85252
17.7953	5.99878
19.0483	6.34721
16.6477	4.81506
19.1055	5.47582
26.9943	13.3945
25.8696	13.6318
8.28644	4.97791
9.23345	5.14283
10.1493	4.4665
11.0186	5.44979
22.2399	12.3105
21.3803	12.6607
17.886	6.91883
18.9972	6.82065
17.9048	6.53887
18.0263	6.64056
20.1982	12.4307
20.2298	6.67568
20.194	5.75411
20.7515	6.27918
25.1498	7.27251
23.3821	5.6913
8.71139	5.99403
9.67381	5.69403
10.5081	5.58308
11.9345	6.07512
12.8738	6.08891
16.5835	7.44508
17.7244	7.66314
18.6767	7.62326
19.1436	7.93726
19.3036	7.31847
20.3385	7.42693
21.4512	7.01807
21.433	6.0485
22.644	7.2029
24.2344	7.86928
25.433	8.13779
12.0096	8.76652
10.9666	6.36122
12.2244	7.01014
13.3642	6.73402
15.7311	7.12429
17.1631	8.30155
18.2275	8.54424
19.0013	12.2816
19.4445	8.88026
20.1942	8.25452
21.4966	7.95628
22.6146	7.47972
23.5383	7.78588
25.1128	8.58911
26.1186	9.17916
26.9038	8.4682
12.701	8.98552
18.606	12.7961
14.2689	8.65044
13.7844	7.81737
14.6656	7.38367
16.0936	8.05804
18.0696	9.54895
19.4489	8.82519
20.3984	9.40466
20.6014	9.15296
21.4169	8.94077
22.7624	9.09156
30.357	12.1845
25.2772	9.6508
26.1386	9.22268
27.5453	9.4262
14.0397	9.79292
14.5658	9.32929
15.104	8.53445
16.4782	9.28015
17.857	9.39968
17.31	8.71131
18.721	9.19211
27.5547	11.2231
21.4554	10.0497
28.7723	11.9168
24.1381	10.1401
23.9409	9.22425
24.4235	10.033
27.8795	12.2336
27.5323	10.0842
28.9707	10.0048
14.775	10.5982
15.9578	10.7591
25.6216	12.6914
17.5477	10.1437
18.5924	10.5427
19.0179	9.70051
20.0101	9.5208
21.1731	10.0736
22.2526	10.688
24.1385	11.158
24.3796	11.136
25.3142	10.7231
25.0133	9.77734
25.8781	9.57836
28.489	10.6756
29.3618	11.0229
16.2913	11.2302
16.8122	10.8759
18.0831	11.0495
18.1441	11.1181
19.4125	11.2091
19.8853	10.4064
21.0657	10.9878
22.1477	10.9549
23.333	11.4483
24.4181	12.0736
25.4545	11.5104
26.5567	11.5675
26.5128	10.6304
24.4131	12.0725
29.3058	11.3355
30.27	11.5081
17.0392	11.9479
17.9575	11.8604
19.2119	11.6101
21.1215	12.8924
20.9206	11.8733
23.3263	11.5363
