-0.678996	0.278989
0.783736	-0.502591
2.0212	0.0163796
2.57407	-0.461907
3.30889	-0.295801
4.26579	-0.890568
6.67014	0.217304
7.61401	0.7003
8.48562	1.14546
9.27394	0.406153
9.19571	0.388797
9.96164	-0.35266
11.1122	-0.215893
12.2823	-0.240287
13.4894	0.246804
14.2632	-0.208734
34.6023	12.7249
1.72933	-0.12647
2.92305	0.394698
4.0584	0.0937224
5.3156	0.734787
5.52929	-0.373729
7.76346	0.790391
8.68249	1.21261
9.72162	1.7542
10.4136	1.07576
11.4926	1.0049
12.1924	0.115785
13.3236	0.461826
13.9105	1.04089
14.889	0.885007
33.618	12.8325
1.72348	1.88956
1.66421	0.808018
32.3159	13.0166
4.20724	1.21003
5.11635	1.61395
6.65682	1.32404
8.9268	1.4568
8.74596	1.34406
9.58492	1.94285
11.0023	2.60508
11.8605	1.80536
12.8528	2.01288
14.1559	1.77999
14.805	1.18294
30.9009	12.5164
16.2866	1.50459
2.80862	1.346
6.07284	2.69202
5.43643	1.81807
8.31144	2.62205
7.32768	2.15061
8.05837	1.6797
9.38327	2.2378
10.636	2.68038
12.0734	3.3167
12.6889	2.58797
13.1376	2.64499
13.9689	2.39146
14.9754	2.08724
16.0539	1.99166
17.4037	2.25561
18.8355	2.25321
4.00977	3.14736
6.80119	3.68975
7.88869	3.26335
6.86498	2.52391
9.641	3.02949
11.0218	3.19438
12.168	3.33128
13.4931	3.2297
13.547	4.07642
29.7688	12.735
13.5804	3.35635
14.3499	3.45475
15.0898	3.06488
15.9966	3.13436
17.1536	2.84838
18.5976	2.95439
5.88982	3.96538
7.26162	4.4803
9.06923	4.11516
9.76198	3.658
10.8064	3.54551
11.8765	4.16475
12.9086	4.11124
14.0291	4.51038
15.1879	4.92242
14.462	3.99381
28.8817	13.2347
15.6774	3.86868
18.1321	4.8903
18.4913	3.70403
17.8149	4.06583
19.0055	3.92896
7.23508	4.58715
7.0279	5.42067
8.39746	4.92807
10.0397	4.70429
11.254	4.35492
10.7668	4.5443
17.7225	6.2904
18.7815	6.20714
19.7034	5.92725
17.134	5.84246
18.2766	5.98738
19.5566	6.31714
17.0286	4.43103
19.6157	5.0548
27.8953	13.3241
26.7678	13.5473
8.57324	5.19407
9.53043	5.31749
10.4419	4.6353
11.3446	5.56212
23.1539	12.3661
22.3024	12.7195
18.3143	7.02044
19.4067	6.79892
18.4103	6.51961
18.535	6.61769
21.1221	12.4533
20.7648	6.62832
20.5031	5.74391
21.3232	5.94531
25.8441	7.12272
23.7119	5.94979
9.05691	6.1836
10.0172	5.87692
10.8416	5.73791
12.3057	6.20681
13.2431	6.2677
17.0919	7.58118
18.2366	7.77812
19.1786	7.63249
19.6501	7.89847
19.8558	7.28653
20.9166	7.38937
22.0131	6.95251
21.9591	5.98428
23.2741	6.96271
24.9056	7.68239
26.1327	7.98622
12.7499	8.68294
11.365	6.51416
12.6771	7.13437
13.8083	6.84843
16.2448	7.24618
17.7523	8.37699
18.8347	8.59775
19.9268	12.3068
20.0334	8.8111
20.8108	8.22007
22.1213	7.89433
23.2146	7.35309
24.1743	7.60198
25.7943	8.4268
26.8244	9.03447
27.6306	8.35792
13.4567	8.92317
19.5329	12.8088
14.8533	8.72734
14.3037	7.93567
15.1752	7.48791
16.6648	8.15552
18.7247	9.60882
20.0751	8.853
21.0566	9.40092
21.2705	9.11161
22.0774	8.87863
23.4442	9.0212
31.2094	12.134
25.9798	9.48499
26.8552	9.0862
28.2811	9.31997
14.8146	9.74959
15.1217	9.41798
15.6926	8.64628
17.1367	9.38422
18.5264	9.48583
17.9286	8.80582
19.3671	9.25164
28.3625	11.1415
22.1481	10.0102
29.616	11.83
24.8708	10.0612
24.6435	9.15858
25.1644	9.94325
28.7215	12.1428
28.2833	9.97454
29.7417	9.93055
15.5851	10.5519
16.7792	10.7389
26.4595	12.625
18.2787	10.2328
19.352	10.6034
19.7071	9.73843
20.6822	9.54388
21.8774	10.0735
22.9811	10.6496
24.9097	11.118
25.1691	11.0901
26.0823	10.6402
25.7485	9.70755
26.6161	9.52129
29.2751	10.5915
30.1559	10.9386
17.1484	11.2234
17.6458	10.8749
18.9277	11.0762
18.9347	11.1909
20.2204	11.2757
20.6032	10.4291
21.8058	10.9876
22.895	10.9352
24.1031	11.4051
25.2226	12.0228
26.2535	11.4451
27.3614	11.4802
27.2863	10.5511
25.2105	12.0159
30.1245	11.2689
31.1009	11.3477
17.9208	11.9411
18.8491	11.88
20.0937	11.6264
22.0235	12.9565
21.7876	11.9449
24.0991	11.4971
