-0.714119	0.26118
0.759592	-0.522971
2.01626	-0.00202781
2.55208	-0.470795
3.29172	-0.295639
4.24481	-0.878769
6.72403	0.244501
7.67809	0.740162
8.56012	1.19754
9.27625	0.394952
9.19327	0.38633
9.9088	-0.356395
11.0631	-0.244134
12.2405	-0.253749
13.469	0.22685
14.2378	-0.223907
35.5595	12.6998
1.72369	-0.145513
2.93675	0.379631
4.06715	0.0881141
5.37122	0.744102
5.54754	-0.362797
7.84376	0.81939
8.7681	1.25947
9.82073	1.79203
10.4569	1.06755
11.5507	1.0477
12.1647	0.0973235
13.3173	0.453334
13.9636	0.978233
14.9366	0.845306
34.5865	12.8204
1.86839	1.8657
1.81968	0.78468
33.2563	13.008
4.28413	1.19114
5.17938	1.62491
6.76184	1.33383
9.05975	1.4431
8.84777	1.35843
9.71785	1.9353
11.1566	2.60561
11.9707	1.82215
12.9792	2.03137
14.2656	1.85199
14.8517	1.19292
31.8239	12.502
16.3956	1.4796
2.95888	1.33066
6.23881	2.64999
5.56453	1.8049
8.50242	2.61833
7.48308	2.15335
8.19052	1.66288
9.53654	2.21187
10.8051	2.65154
12.2776	3.2883
12.855	2.58525
13.2859	2.65227
14.1159	2.40314
15.1107	2.07971
16.1816	1.99416
17.5432	2.23525
19.0152	2.23027
4.23365	3.12489
7.00904	3.61577
8.11808	3.24896
7.04542	2.51404
9.87282	3.03075
11.2664	3.18972
12.4254	3.32194
13.7692	3.20017
13.8184	4.04717
30.6925	12.7085
13.7685	3.37172
14.5405	3.44691
15.276	3.05381
16.1851	3.13728
17.3463	2.8521
18.7863	2.92446
6.1838	3.95663
7.58227	4.47935
9.3503	4.09239
10.037	3.64694
11.07	3.5456
12.1565	4.15704
13.1976	4.09014
14.3435	4.48345
15.5281	4.88923
14.6169	4.09726
29.8398	13.2543
15.8995	3.85241
18.4385	4.89758
18.7401	3.70919
18.0453	4.0531
19.2146	3.89025
7.57301	4.5833
7.4969	5.44168
8.74261	4.94456
10.3707	4.6827
11.5795	4.32758
11.0497	4.54496
18.0985	6.46391
19.1371	6.24105
20.012	5.83759
17.5824	5.83552
18.7472	5.99458
20.0542	6.31778
17.293	4.42605
19.9605	5.0547
28.8573	13.3337
27.7226	13.5171
8.9558	5.18952
9.91064	5.32536
10.8262	4.64866
11.7389	5.53569
24.1089	12.3772
23.2643	12.7316
18.7827	7.10823
19.8355	6.74129
18.9031	6.51997
19.0302	6.61439
22.0741	12.4381
21.2892	6.6231
20.6912	5.91455
21.7663	5.95566
26.4594	7.15681
24.1278	5.97482
9.48176	6.15723
10.4472	5.86716
11.255	5.74027
12.7528	6.20205
13.6786	6.36118
17.6627	7.67478
18.8079	7.86946
19.7216	7.59798
20.1421	7.82491
20.3938	7.29254
21.476	7.40219
22.5638	6.95929
22.4905	5.99231
23.8176	6.97912
25.5123	7.70193
26.7765	8.01026
13.4518	8.71565
11.8418	6.50065
13.2004	7.1177
14.3279	6.84593
16.8373	7.28905
18.4127	8.38684
19.5113	8.60083
20.8809	12.3026
20.5756	8.71477
21.4255	8.23379
22.7203	7.90159
23.7939	7.3424
24.7645	7.60796
26.4372	8.43665
27.5008	9.0439
28.3117	8.38547
14.1794	8.96141
20.4965	12.7976
15.5031	8.67994
14.8899	7.9364
15.7596	7.49234
17.3091	8.17247
19.437	9.61514
20.7682	8.84782
21.7678	9.38966
21.942	9.11791
22.7394	8.87717
24.1262	9.01207
32.0978	12.1346
26.6659	9.48634
27.5461	9.09831
28.9928	9.33584
15.5742	9.77761
15.7206	9.38826
16.346	8.66004
17.8577	9.41046
19.2602	9.51312
18.6178	8.83565
20.0788	9.27012
29.1992	11.1279
22.8781	9.9915
30.497	11.8128
25.6188	10.0403
25.3508	9.15702
25.8551	9.95253
29.6007	12.1163
29.0263	9.98218
30.5013	9.94641
16.3952	10.561
17.6059	10.7412
27.348	12.6197
19.0627	10.2623
20.1582	10.6139
20.4586	9.73805
21.4186	9.54421
22.642	10.0705
23.7556	10.6336
25.7347	11.1285
25.9871	11.0989
26.8758	10.6146
26.4958	9.70284
27.3677	9.53724
30.0654	10.6027
30.9592	10.9346
18.0179	11.24
18.4887	10.8729
19.7872	11.0666
19.7683	11.2094
21.0714	11.296
21.3792	10.4246
22.5973	10.9814
23.6963	10.9272
24.9214	11.3962
26.0736	12.0239
27.0876	11.4215
28.1993	11.4502
28.0804	10.538
26.0564	12.0032
30.9613	11.278
31.9404	11.2472
18.8327	11.9384
19.7626	11.8901
20.9915	11.6138
22.9551	12.9762
22.698	11.9698
24.9229	11.4864
