0.0254121	0.301648
0.857801	0.128763
2.02251	0.230296
2.80133	0.157865
4.05143	0.136515
4.93328	-0.181687
5.9985	-0.189495
6.86776	-0.173999
7.65559	-0.172841
8.71476	0.0575046
9.95841	0.111913
10.7895	0.185747
11.8642	0.16751
12.908	0.267706
13.8927	0.187694
14.8362	-0.0600785
15.4459	12.8773
1.33663	0.837585
2.47334	0.897495
3.66105	0.792531
4.44426	0.945488
5.54923	0.575673
6.33553	0.781437
7.26692	0.707682
8.33868	0.796298
9.26246	0.930896
10.2495	0.973646
11.3739	0.847528
12.2607	0.938406
13.2972	0.875333
14.2469	1.03746
14.4647	12.8575
-0.0448726	1.65824
1.04154	1.7327
13.3315	12.8613
3.05649	1.8089
4.04989	1.7561
4.85687	1.70086
5.98679	1.82127
6.93455	1.57968
7.77402	1.77392
9.0263	1.85024
9.83074	1.74858
10.6376	1.88833
12.044	1.71541
12.9257	1.7369
12.6062	12.9135
14.8464	1.677
0.365419	2.80085
1.35033	2.16279
2.3782	2.49717
3.56969	2.41086
4.46113	2.50698
5.41421	2.5112
6.43742	2.60566
7.36406	2.83194
8.39769	2.6367
9.22699	2.71414
10.5082	2.60213
11.3488	2.53783
12.3273	2.54347
13.3423	2.4842
14.4689	2.67983
15.3372	2.47886
-0.0330714	3.2896
0.81671	3.27664
1.98474	3.27121
2.91199	3.55913
3.80527	3.46
5.06758	3.44161
6.09381	3.44022
6.97303	3.36444
7.81645	3.27236
11.5113	12.8372
10.1309	3.46664
10.8966	3.59177
11.8688	3.5245
12.7951	3.48242
13.9645	3.1702
15.0432	3.34951
0.438983	4.36107
1.62457	4.20202
2.57453	4.27431
3.43832	4.17157
4.5223	4.27287
5.6031	4.28258
6.47142	4.29564
7.37788	4.19908
8.32991	4.1878
9.49666	4.34946
10.517	12.9772
11.4475	4.3344
12.2512	4.54104
13.6136	4.25625
14.3476	4.50646
15.3703	4.35409
0.156454	5.18506
0.969356	4.92193
1.90983	5.10956
2.84775	5.05665
4.11234	5.09798
4.88005	5.20612
6.03503	5.0869
7.08429	5.25257
8.04565	5.1887
9.06774	4.97546
9.9829	5.35121
11.0218	4.86934
11.9385	5.12295
12.8722	5.26256
9.65523	12.7218
8.54497	13.0196
0.482145	5.9802
1.4106	5.88748
2.54666	5.96118
3.47813	6.12492
4.61717	12.8522
3.66081	12.8412
6.44274	5.93366
7.55736	5.96934
8.64655	5.86176
9.63737	5.96798
2.56102	12.8787
11.5414	5.8058
12.3466	6.25559
13.4534	6.01823
14.5517	5.99543
15.2911	5.98197
0.0873683	7.00849
1.07513	6.80754
1.81669	6.87926
3.04813	6.83934
3.97259	7.00668
5.05963	6.90732
6.19302	6.65322
7.14326	6.72789
7.97132	7.01665
9.18034	6.906
9.81517	6.77976
10.9787	6.76639
11.8823	7.11893
12.9246	7.12627
14.0345	6.95818
14.8732	6.84702
0.557212	7.86296
1.54206	7.59017
2.4131	7.55194
3.59899	7.72585
4.59069	7.68814
5.61435	7.78004
6.58661	7.5883
1.56261	12.7758
8.49198	7.85851
9.44812	7.66006
10.3365	7.49775
11.5212	7.68495
12.2929	7.59699
13.5807	7.73611
14.4072	7.60909
15.6108	7.69659
0.271476	8.31817
0.698025	12.8501
2.05254	8.72487
3.00376	8.56928
3.97149	8.59329
5.03137	8.58782
6.20007	8.52908
6.96802	8.67627
7.98553	8.47921
9.05819	8.49645
9.9221	8.56466
10.9516	8.60575
14.0435	11.9461
12.982	8.62834
13.934	8.48923
14.9886	8.48111
0.678252	9.57391
1.61152	9.32053
2.56871	9.39139
3.55839	9.32671
4.75636	9.36741
5.50568	9.42165
6.68681	9.48102
13.094	12.0209
8.50061	9.52119
12.0206	12.0366
10.4072	9.72027
11.4163	9.41097
12.3538	9.32157
11.1255	12.1918
14.5195	9.61032
15.5314	9.34703
0.241353	10.3561
1.33201	10.2107
8.97012	12.145
3.14687	10.2007
4.01103	10.4219
5.04622	10.2867
5.97529	10.1771
6.90771	10.284
8.05515	10.2741
8.97202	10.4388
10.0201	10.341
11.1192	10.2803
12.0896	9.99609
12.97	10.1067
14.1014	10.2342
14.8747	10.3437
0.648144	11.1265
1.3467	10.9795
2.53588	10.9893
3.49306	11.1297
4.58372	10.9739
5.52591	11.0282
6.6109	11.2583
7.48541	11.1187
8.59789	11.2089
9.53601	11.2121
10.6728	11.1749
11.6563	11.3034
12.6265	11.2862
7.99881	12.1976
14.5495	10.9337
15.5025	11.1598
0.134273	11.9506
1.16393	12.0646
2.18921	12.0607
2.95122	11.923
3.98198	12.0514
7.0911	12.0598
