-0.743561	0.249658
0.72643	-0.530825
2.00484	-0.0107058
2.52516	-0.470929
3.2714	-0.292523
4.225	-0.862704
6.78383	0.273383
7.75103	0.778004
8.64627	1.24423
9.28243	0.382771
9.19644	0.380889
9.85792	-0.35941
11.0147	-0.272965
12.2003	-0.263214
13.4524	0.215123
14.2177	-0.230319
36.5649	12.6825
1.70755	-0.14196
2.94616	0.372336
4.07204	0.0903044
5.42689	0.757589
5.56826	-0.346993
7.93162	0.848134
8.8662	1.2985
9.93151	1.82348
10.5089	1.05744
11.6304	1.09092
12.1394	0.0803566
13.3149	0.448479
14.0265	0.914014
14.9911	0.81119
35.6059	12.8189
2.02699	1.83632
1.99499	0.751084
34.2485	13.0071
4.35984	1.17634
5.24024	1.63951
6.86933	1.34656
9.19397	1.43041
8.95553	1.37343
9.85373	1.92877
11.3185	2.60161
12.0988	1.8371
13.1251	2.04915
14.3984	1.92854
14.9065	1.20771
32.7947	12.4904
16.5159	1.45721
3.12464	1.31469
6.40909	2.60595
5.69444	1.79468
8.69852	2.61834
7.64209	2.1593
8.32405	1.64743
9.6916	2.18585
10.9769	2.62207
12.4862	3.25662
13.0277	2.59669
13.4556	2.65699
14.284	2.41454
15.2625	2.06752
16.325	2.0025
17.6959	2.22035
19.2092	2.20633
4.47388	3.10214
7.22498	3.53351
8.35436	3.23502
7.23072	2.50583
10.1123	3.03584
11.5185	3.18696
12.6899	3.31286
14.047	3.16496
14.0949	4.01203
31.6634	12.6794
13.9859	3.37944
14.7569	3.43517
15.4873	3.03726
16.3977	3.14224
17.5641	2.86193
18.9905	2.8954
6.49754	3.94775
7.92309	4.48025
9.6402	4.06874
10.3236	3.63984
11.3441	3.5503
12.4468	4.15069
13.4945	4.06688
14.665	4.45119
15.8741	4.84748
14.8955	4.08385
30.8519	13.276
16.1479	3.83454
18.779	4.91559
19.0193	3.72759
18.3027	4.04578
19.4406	3.85122
7.93352	4.57815
8.02387	5.43812
9.1107	4.96195
10.7137	4.66179
11.9159	4.30222
11.3441	4.54987
18.4131	6.77983
19.3861	6.35353
20.1656	5.78724
18.0433	5.81535
19.23	5.98298
20.5648	6.28172
17.5875	4.42604
20.342	5.07368
29.873	13.3397
28.7313	13.4735
9.36197	5.18344
10.3145	5.33414
11.2345	4.66361
12.1515	5.50835
25.1145	12.3921
24.2747	12.7436
19.2146	7.27054
20.1712	6.708
19.4129	6.50524
19.5427	6.59248
23.07	12.4323
21.827	6.56421
21.1557	5.89009
22.2447	5.97972
27.111	7.20009
24.5692	5.99741
9.93008	6.12703
10.9011	5.85594
11.6936	5.74285
13.2266	6.19681
14.1087	6.54333
18.2419	7.81083
19.3861	8.01265
20.2304	7.57019
20.6119	7.74432
20.9535	7.2813
22.0565	7.39955
23.133	6.94631
23.0517	5.97995
24.3951	7.00373
26.1545	7.72862
27.4572	8.04212
14.1932	8.75718
12.3426	6.48572
13.7481	7.09956
14.8713	6.84113
17.4594	7.33869
19.1032	8.38787
20.2175	8.59476
21.8809	12.3061
21.1562	8.57113
22.0708	8.22905
23.3426	7.89179
24.3983	7.32346
25.385	7.6182
27.1148	8.45233
28.2135	9.05897
29.0312	8.42161
14.9425	9.0087
21.5017	12.792
16.1934	8.61124
15.5055	7.93607
16.3726	7.49493
17.9848	8.18903
20.1928	9.61148
21.4907	8.8333
22.5094	9.36875
22.6474	9.10665
23.4338	8.85481
24.8389	8.98679
33.035	12.1423
27.3885	9.49119
28.2744	9.11629
29.7429	9.35876
16.3751	9.81454
16.3411	9.33734
17.0342	8.67325
18.6188	9.43665
20.0338	9.53993
19.3434	8.86504
20.827	9.28921
30.0776	11.1117
23.6395	9.96279
31.4228	11.7957
26.4012	10.0048
26.0908	9.14427
26.5748	9.95227
30.5237	12.0846
29.8093	9.99573
31.3014	9.96959
17.2465	10.5781
18.4729	10.7505
28.2831	12.6105
19.892	10.2923
21.0083	10.6226
21.2475	9.73767
22.1903	9.54587
23.4426	10.0664
24.5662	10.6118
26.6003	11.1369
26.8492	11.1049
27.7066	10.577
27.2786	9.69014
28.1553	9.55265
30.8984	10.6198
31.804	10.9361
18.9316	11.2647
19.3711	10.8771
20.6854	11.0623
20.6492	11.227
21.9704	11.3135
22.1925	10.4202
23.4275	10.9734
24.5364	10.9168
25.7802	11.3829
26.9685	12.0206
27.964	11.3932
29.0783	11.4118
28.9128	10.52
26.9448	11.9866
31.8441	11.2937
32.8122	11.1451
19.791	11.9436
20.7198	11.908
21.9299	11.6115
23.9353	12.9953
23.6591	11.994
25.7873	11.4724
