-0.780638	0.245906
0.687612	-0.525558
1.98969	-0.00787449
2.49412	-0.459287
3.24795	-0.282854
4.20517	-0.838591
6.84944	0.308423
7.8329	0.818526
8.7443	1.29042
9.28025	0.368143
9.19279	0.371402
9.79802	-0.361892
10.9564	-0.302285
12.1508	-0.270512
13.4293	0.210407
14.192	-0.229899
37.6127	12.6733
1.68759	-0.117487
2.95361	0.375407
4.07448	0.103238
5.48356	0.779324
5.59101	-0.322526
8.02694	0.881938
8.97578	1.33662
10.0538	1.85441
10.5568	1.0427
11.7203	1.12588
12.1059	0.0621056
13.3062	0.441458
14.0822	0.853136
15.0377	0.782732
36.6694	12.8263
2.18123	1.80093
2.15305	0.708546
35.2855	13.0118
4.43577	1.16826
5.29952	1.66179
6.98001	1.36711
9.33029	1.42547
9.06963	1.39514
9.99352	1.92991
11.4879	2.601
12.2309	1.84386
13.2761	2.05734
14.5422	1.99336
14.9592	1.21622
33.8053	12.4823
16.632	1.43527
3.27952	1.28821
6.58464	2.56196
5.8272	1.79045
8.90036	2.62726
7.80528	2.1737
8.45956	1.63924
9.84873	2.16679
11.1515	2.60008
12.6989	3.23139
13.2078	2.59987
13.6322	2.65008
14.4584	2.41469
15.4162	2.03893
16.4705	2.00536
17.85	2.20288
19.4023	2.17222
4.71906	3.07094
7.45006	3.44352
8.59764	3.22495
7.42149	2.50277
10.3601	3.05057
11.7787	3.19379
12.9623	3.3133
14.3283	3.1361
14.3764	3.98316
32.6737	12.6502
14.2146	3.37847
14.9828	3.40891
15.7067	3.00334
16.6172	3.13675
17.7897	2.86503
19.199	2.85875
6.82234	3.93297
8.27552	4.48047
9.93856	4.04764
10.6216	3.64013
11.6289	3.56575
12.7469	4.15413
13.7992	4.05197
14.993	4.42622
16.2256	4.81194
15.1839	4.06772
31.9092	13.2991
16.4066	3.80203
19.1383	4.92413
19.3116	3.73939
18.5723	4.03046
19.6719	3.80352
8.30989	4.56654
8.6317	5.37224
9.49519	4.97738
11.0683	4.64477
12.2635	4.28434
11.6485	4.56513
18.9236	7.00612
19.8376	6.46484
20.5383	5.80347
18.5152	5.79989
19.7237	5.97663
21.0843	6.25385
17.8965	4.41404
20.7441	5.08665
30.933	13.3422
29.7859	13.4154
9.78586	5.17324
10.7366	5.34241
11.6631	4.68094
12.5805	5.4841
26.1713	12.4145
25.3346	12.7595
19.7771	7.39971
20.6581	6.71641
19.937	6.49358
20.0689	6.57342
24.112	12.4389
22.3721	6.51623
21.6338	5.86778
22.7467	5.99991
27.7933	7.24733
25.0299	6.01457
10.3954	6.09063
11.3727	5.8433
12.1539	5.74615
13.7256	6.19354
14.6381	6.53636
18.9108	7.85274
20.0435	8.11324
20.8231	7.56473
21.1876	7.71031
21.5309	7.27124
22.654	7.40045
23.7182	6.93709
23.6154	5.97278
24.9991	7.02701
26.826	7.75585
28.1696	8.07639
14.9698	8.80425
12.8615	6.47185
14.314	7.08493
15.4299	6.83345
18.1055	7.40125
19.814	8.3796
20.9441	8.58219
22.9289	12.3192
21.8002	8.4879
22.7399	8.22246
23.9838	7.88466
25.0224	7.30903
26.0304	7.62907
27.8219	8.46877
28.9578	9.07488
29.7845	8.46234
15.7422	9.06237
22.5526	12.7951
16.9315	8.49701
16.1453	7.93922
17.0071	7.49695
18.6844	8.20871
20.987	9.59829
22.2337	8.81576
23.273	9.34668
23.3776	9.09301
24.1527	8.82936
25.5752	8.96259
34.015	12.1543
28.1427	9.49407
29.0352	9.1354
30.5273	9.3846
17.214	9.85835
16.9635	9.23732
17.7523	8.69031
19.4155	9.46706
20.8421	9.57062
20.0989	8.89838
21.6049	9.31424
30.9895	11.0991
24.4243	9.93488
32.3853	11.782
27.2116	9.9682
26.8555	9.13478
27.3264	9.95055
31.4832	12.0527
30.6275	10.0108
32.1387	9.99685
18.1364	10.6014
19.3782	10.7675
29.2566	12.5996
20.7635	10.3267
21.899	10.6332
22.0678	9.74198
22.9905	9.5546
24.272	10.0671
25.405	10.5919
27.4981	11.1479
27.7474	11.1124
28.5682	10.5379
28.0886	9.68138
28.97	9.57797
31.7696	10.6388
32.6864	10.9393
19.8883	11.2969
20.2916	10.8899
21.6215	11.0681
21.5751	11.2474
22.9157	11.3318
23.0363	10.4216
24.2892	10.9693
25.408	10.9094
26.6714	11.3708
27.8993	12.0172
28.875	11.365
29.9911	11.3726
29.7755	10.5058
27.8679	11.9701
32.7675	11.3123
33.7104	11.047
20.7921	11.9566
21.7219	11.9362
22.9103	11.6226
24.9672	13.0171
24.6702	12.0217
26.6849	11.46
