-0.821549	0.245418
0.653247	-0.516481
1.98032	-0.00201636
2.46697	-0.442621
3.22854	-0.27232
4.19124	-0.811934
6.92722	0.344359
7.92996	0.856724
8.8604	1.33132
9.27298	0.35142
9.18552	0.357771
9.73287	-0.363604
10.8918	-0.331497
12.0958	-0.274802
13.4029	0.212852
14.1631	-0.224507
38.7077	12.6701
1.67746	-0.0877965
2.9681	0.380948
4.08291	0.120416
5.54895	0.803714
5.62208	-0.295082
8.13608	0.916011
9.102	1.37107
10.1931	1.88159
10.6033	1.02359
11.8268	1.14874
12.0681	0.0432329
13.295	0.433006
14.1279	0.806409
15.076	0.762105
37.7817	12.8425
2.32733	1.76775
2.2779	0.668626
36.3735	13.0218
4.51946	1.16044
5.36409	1.68601
7.10112	1.39051
9.47572	1.42436
9.19707	1.41863
10.1447	1.93396
11.6711	2.6005
12.369	1.84314
13.4341	2.05669
14.6994	2.04329
15.0138	1.21926
34.8618	12.4793
16.7426	1.41797
3.41581	1.25386
6.77297	2.51096
5.96969	1.78724
9.11423	2.64129
7.97949	2.19203
8.60401	1.63411
10.0148	2.1508
11.3359	2.58169
12.9228	3.20934
13.3969	2.59699
13.8168	2.63226
14.6406	2.40453
15.5733	1.99517
16.6197	2.00417
18.0063	2.1855
19.5911	2.13014
4.9692	3.03233
7.69082	3.33787
8.85286	3.21737
7.62383	2.50165
10.6223	3.07166
12.0531	3.20733
13.2488	3.32072
14.618	3.11099
14.6695	3.95785
33.7295	12.622
14.455	3.37275
15.2186	3.36917
15.9345	2.95333
16.8436	3.12128
18.0235	2.86293
19.4127	2.81701
7.16033	3.91143
8.64021	4.4847
10.249	4.02978
10.9357	3.64946
11.9301	3.58937
13.0626	4.16449
14.118	4.04302
15.3341	4.40629
16.5893	4.78053
15.4848	4.05082
33.0181	13.3236
16.6761	3.75593
19.5184	4.92316
19.6176	3.74534
18.8549	4.00856
19.9095	3.74941
8.70691	4.54242
9.36463	5.11163
9.89891	4.99092
11.4374	4.63276
12.6252	4.27459
11.969	4.58818
19.4888	7.26882
20.3248	6.61345
20.9341	5.8671
19.005	5.78774
20.2353	5.97486
21.62	6.2337
18.2213	4.39049
21.1686	5.09358
32.0437	13.3413
30.8943	13.3374
10.2329	5.15391
11.1802	5.34944
12.1152	4.69995
13.0283	5.4631
27.2874	12.439
26.4525	12.7745
20.3863	7.54765
21.1699	6.75717
20.4823	6.484
20.6156	6.55634
25.2099	12.4519
22.9317	6.47889
22.1293	5.84837
23.2757	6.01605
28.5117	7.29777
25.5174	6.02244
10.8851	6.04146
11.8697	5.82459
12.6383	5.74965
14.2511	6.19203
15.1955	6.53171
19.6267	7.88101
20.7425	8.22089
21.4449	7.57647
21.7923	7.69569
22.1327	7.26191
23.2754	7.40567
24.3264	6.93259
24.1905	5.97236
25.6341	7.04856
27.5324	7.78277
28.9193	8.11188
15.7879	8.85482
13.4079	6.45482
14.9097	7.06997
16.0184	6.82751
18.7854	7.47288
20.5576	8.37447
21.7008	8.5686
24.0343	12.3348
22.4824	8.40539
23.4398	8.21315
24.6504	7.88112
25.6724	7.29922
26.7065	7.63993
28.5646	8.48477
29.7402	9.08992
30.5777	8.50601
16.5853	9.1201
23.6609	12.8018
17.7158	8.35175
16.8225	7.94487
17.6765	7.49976
19.4206	8.2288
21.8224	9.57831
23.007	8.79728
24.0678	9.32423
24.1395	9.07689
24.903	8.79987
26.3417	8.93996
35.0442	12.1696
28.9346	9.49333
29.8348	9.15424
31.3528	9.41108
18.0978	9.90585
17.6208	9.08667
18.5012	8.70419
20.2524	9.49579
21.6915	9.6023
20.8943	8.93235
22.4221	9.34313
31.9411	11.0918
25.2413	9.90719
33.3907	11.7734
28.0568	9.93048
27.651	9.13006
28.1175	9.94833
32.4854	12.021
31.4875	10.0259
33.0203	10.0253
19.0723	10.6276
20.3296	10.7883
30.2755	12.5872
21.6829	10.3605
22.8364	10.6417
22.9258	9.74966
23.8286	9.56945
25.139	10.072
26.2803	10.5733
28.4359	11.1619
28.6891	11.1211
29.4671	10.4975
28.9318	9.67826
29.8172	9.61684
32.6859	10.6579
33.6138	10.9413
20.8959	11.3322
21.2582	10.9072
22.6037	11.0794
22.5519	11.2655
23.9134	11.3462
23.9169	10.4282
25.1895	10.9683
26.3185	10.9048
27.6028	11.3596
28.8732	12.0136
29.8277	11.3369
30.9443	11.3329
30.6747	10.4969
28.833	11.9536
33.7383	11.3325
34.6434	10.9579
21.8424	11.9741
22.7783	11.9692
23.9421	11.642
26.0614	13.0355
25.7388	12.0481
27.6229	11.4489
