-0.868321	0.245487
0.620392	-0.509335
1.97381	0.00140552
2.44108	-0.425113
3.21035	-0.263907
4.18056	-0.785861
7.01509	0.377726
8.04018	0.888877
8.9926	1.36298
9.25747	0.335808
9.17123	0.342376
9.66034	-0.362499
10.819	-0.358095
12.0332	-0.273547
13.3718	0.222105
14.1288	-0.215741
39.8493	12.6716
1.67526	-0.0626184
2.98677	0.383696
4.09499	0.1381
5.62076	0.827367
5.65924	-0.268064
8.25704	0.947113
9.24213	1.39993
10.3471	1.90263
10.6449	1.00321
11.9522	1.15614
12.024	0.0268335
13.2796	0.426826
14.1603	0.779778
15.1041	0.749539
38.9428	12.8675
2.46382	1.74241
2.37306	0.639325
37.5132	13.0369
4.60776	1.14898
5.43032	1.70848
7.23055	1.41369
9.62841	1.42484
9.33628	1.44039
10.306	1.9377
11.8662	2.59791
12.5094	1.83874
13.5952	2.05156
14.8658	2.08025
15.0691	1.22204
35.9648	12.4847
16.8463	1.4083
3.53534	1.22059
6.97252	2.44618
6.1193	1.78191
9.33836	2.65745
8.16287	2.21128
8.75547	1.62939
10.1881	2.13552
11.5289	2.56445
13.1565	3.18846
13.5907	2.59203
14.0051	2.6079
14.8267	2.38915
15.7302	1.94289
16.7691	2.00374
18.1626	2.17336
19.7727	2.08799
5.22117	2.99309
7.94966	3.20225
9.11801	3.21072
7.83562	2.5001
10.8974	3.09613
12.3405	3.22502
13.5483	3.3329
14.9152	3.08833
14.9735	3.93475
34.8317	12.5972
14.7029	3.36655
15.4589	3.32122
16.1653	2.89379
17.072	3.09986
18.2608	2.86031
19.6281	2.77661
7.50884	3.88843
9.02343	4.49066
10.5696	4.0145
11.2645	3.66927
12.2466	3.61795
13.3928	4.17925
14.4497	4.03809
15.6876	4.39008
16.9647	4.75257
15.7955	4.0352
34.1791	13.3511
16.9516	3.70178
19.9152	4.91617
19.9323	3.74996
19.1457	3.98491
20.1498	3.69531
9.11522	4.51201
9.95979	4.70708
10.324	5.0015
11.8197	4.62584
12.9993	4.27287
12.3043	4.61586
20.2037	7.38766
21.0022	6.68721
21.5635	5.90406
19.5125	5.77873
20.765	5.97797
22.1724	6.22173
18.5575	4.35983
21.6112	5.09813
33.2052	13.3393
32.0611	13.2273
10.6978	5.13023
11.644	5.35456
12.5894	4.72024
13.493	5.44507
28.4626	12.4627
27.6281	12.7858
21.1214	7.59021
21.8553	6.77735
21.0483	6.4767
21.1823	6.54149
26.3634	12.468
23.5066	6.45282
22.6408	5.83396
23.8281	6.0314
29.2638	7.35389
26.0283	6.02651
11.3954	5.98264
12.3874	5.80311
13.1452	5.753
14.8015	6.19231
15.779	6.52939
20.3756	7.91809
21.5033	8.24918
22.1803	7.57813
22.5049	7.69731
22.7584	7.2539
23.9201	7.41728
24.9573	6.93513
24.7791	5.98183
26.2979	7.07114
28.2715	7.81177
29.7045	8.15058
16.646	8.90993
13.9782	6.4365
15.5323	7.0552
16.6346	6.82426
19.4971	7.55582
21.3323	8.37409
22.4847	8.55648
25.196	12.3485
23.2118	8.39021
24.1698	8.20109
25.3418	7.8837
26.3476	7.296
27.4118	7.65323
29.3408	8.50256
30.5591	9.10553
31.409	8.55415
17.47	9.18254
24.8264	12.8086
18.4627	8.35867
17.5346	7.95215
18.3792	7.50462
20.1917	8.24974
22.6969	9.55111
23.8081	8.78058
24.8923	9.30328
24.9327	9.0588
25.684	8.76645
27.1381	8.92072
36.1227	12.1887
29.7615	9.49116
30.6708	9.17519
32.218	9.43898
19.0255	9.95669
18.4003	9.09707
19.2809	8.71515
21.1292	9.52222
22.5818	9.63438
21.7285	8.96723
23.2779	9.37689
32.9324	11.0936
26.0899	9.88065
34.4395	11.7735
28.9384	9.8917
28.4759	9.13409
28.946	9.95031
33.531	11.9919
32.3877	10.0425
33.9453	10.055
20.0533	10.6559
21.3265	10.8118
31.3396	12.5752
22.6495	10.3922
23.8196	10.6474
23.8213	9.76247
24.7042	9.59241
26.0433	10.083
27.1921	10.5572
29.4135	11.1806
29.6764	11.1317
30.4045	10.4564
29.8073	9.6851
30.6949	9.67715
33.6461	10.6781
34.5854	10.9419
21.9538	11.3688
22.2708	10.9277
23.6322	11.0946
23.5787	11.2797
24.9623	11.3544
24.835	10.4424
26.1286	10.9722
27.2679	10.9047
28.5743	11.3507
29.8903	12.0109
30.8234	11.3109
31.939	11.2943
31.6098	10.4974
29.84	11.939
34.7558	11.355
35.6133	10.8816
22.9413	11.9944
23.8888	12.0037
25.0261	11.6666
27.218	13.0471
26.8644	12.0704
28.6014	11.4409
