-0.918219	0.24313
0.589953	-0.507965
1.97127	-0.00175548
2.41839	-0.41069
3.195	-0.261181
4.17503	-0.764241
7.11532	0.40401
8.16578	0.91
9.14308	1.37993
9.23612	0.324283
9.15171	0.327312
9.58368	-0.358559
10.7413	-0.38203
11.9665	-0.267045
13.3399	0.234592
14.0925	-0.207662
41.0443	12.6746
1.68119	-0.0458546
3.0109	0.379255
4.11264	0.152247
5.70111	0.846077
5.70466	-0.245727
8.39218	0.970913
9.39812	1.41966
10.5179	1.91361
10.6837	0.984158
12.1141	1.13667
11.9771	0.0132606
13.2635	0.423384
14.1862	0.768647
15.1277	0.740962
40.1597	12.8982
2.59675	1.72305
2.45344	0.619259
38.7114	13.0538
4.70209	1.12965
5.49933	1.72466
7.37074	1.43231
9.79118	1.42323
9.48991	1.45592
10.4803	1.93681
12.076	2.58962
12.6534	1.83356
13.7611	2.04538
15.0402	2.10324
15.1292	1.22579
37.1201	12.4998
16.9487	1.40376
3.64834	1.19162
7.19644	2.34117
6.2782	1.76957
9.57591	2.67034
8.35825	2.2268
8.91668	1.62098
10.3715	2.11719
11.7334	2.54456
13.4033	3.16546
13.7912	2.58744
14.1984	2.58038
15.0182	2.37265
15.8884	1.88777
16.9216	2.00461
18.3225	2.16664
19.9509	2.04896
5.47736	2.95628
8.24572	2.99403
9.39647	3.19816
8.05973	2.49239
11.1892	3.11827
12.6448	3.24171
13.8652	3.34519
15.2254	3.06547
15.2921	3.91127
35.9862	12.5766
14.9602	3.36184
15.7047	3.26892
16.4003	2.82986
17.3046	3.07234
18.5035	2.85792
19.8479	2.73924
7.86907	3.86719
9.43136	4.47733
10.9045	3.99377
11.6118	3.69567
12.5825	3.6451
13.7411	4.19341
14.7984	4.03318
16.0576	4.37469
17.3559	4.72625
16.1189	4.02106
35.3984	13.3816
17.2347	3.64312
20.3319	4.90335
20.2573	3.75477
19.4461	3.96035
20.3945	3.64332
9.53398	4.49275
10.3862	4.62241
10.7743	4.99649
12.2192	4.61802
13.3906	4.27466
12.6574	4.64186
20.9836	7.42069
21.7683	6.70472
22.3241	5.91766
20.0425	5.77167
21.3181	5.98489
22.7472	6.21682
18.9076	4.32379
22.0745	5.10093
34.4228	13.3383
33.3222	13.0056
11.1797	5.11445
12.1315	5.34954
13.0901	4.73537
13.9773	5.42586
29.7016	12.4823
28.8662	12.7901
21.9007	7.62637
22.6268	6.78726
21.6399	6.47094
21.7735	6.52818
27.5777	12.4838
24.1029	6.43686
23.1728	5.82422
24.4076	6.04592
30.0549	7.41445
26.5645	6.03948
11.9268	5.92381
12.9256	5.78666
13.6775	5.75051
15.3787	6.1915
16.3906	6.5274
21.1547	7.97145
22.3006	8.27457
22.9589	7.58511
23.2774	7.70647
23.4128	7.247
24.5937	7.43652
25.6166	6.94538
25.3885	6.00276
26.9951	7.09391
29.0488	7.84121
30.5307	8.19064
17.55	8.96727
14.5722	6.42053
16.1821	7.04013
17.28	6.82253
20.2415	7.65136
22.1414	8.37815
23.3016	8.55069
26.4181	12.3562
23.9817	8.40198
24.934	8.18572
26.0631	7.89376
27.053	7.2993
28.1517	7.66785
30.157	8.51958
31.4205	9.11899
32.2843	8.60463
18.4025	9.24722
26.0533	12.812
19.2457	8.36507
18.2808	7.95815
19.1172	7.51156
21.0002	8.2701
23.6113	9.51943
24.6424	8.76955
25.752	9.2863
25.7617	9.03932
26.4996	8.72838
27.9685	8.9066
37.2571	12.208
30.6327	9.48296
31.5509	9.19426
33.1289	9.46554
20.003	10.0079
19.219	9.10563
20.0997	8.72403
22.0524	9.54581
23.5188	9.66528
22.6058	9.00203
24.177	9.41517
33.968	11.1075
26.9757	9.8562
35.5368	11.7846
29.8596	9.85333
29.3338	9.15141
29.8247	9.95529
34.6255	11.9657
33.3352	10.0569
34.9198	10.083
21.0855	10.6831
22.3752	10.8351
32.4547	12.5655
23.6688	10.4203
24.8535	10.6484
24.7607	9.78173
25.6223	9.62478
26.9902	10.1019
28.146	10.5445
30.4369	11.2062
30.715	11.145
31.3843	10.4158
30.7191	9.70631
31.6044	9.77049
34.6569	10.6959
35.6074	10.9379
23.0677	11.4032
23.3357	10.9485
24.7137	11.1112
24.6601	11.2878
26.0663	11.3538
25.7987	10.4651
27.1139	10.9823
28.2627	10.91
29.592	11.3452
30.9564	12.0105
31.8675	11.2879
32.9801	11.2573
32.5852	10.511
30.8948	11.9276
35.8268	11.3763
36.6298	10.8153
24.095	12.0143
25.0588	12.0352
26.1688	11.6933
28.4423	13.0478
28.051	12.0856
29.6265	11.4372
