-0.975955	0.240793
0.562296	-0.511587
1.97345	-0.0108934
2.39981	-0.398729
3.18284	-0.264671
4.17361	-0.748694
7.22683	0.417771
8.30614	0.91151
9.31159	1.37064
9.19892	0.314962
9.11644	0.308859
9.4984	-0.355538
10.6573	-0.402445
11.8954	-0.255797
13.3074	0.247347
14.0541	-0.20371
42.296	12.6781
1.69503	-0.0365512
3.04166	0.368131
4.13686	0.162887
5.79021	0.857696
5.7572	-0.230964
8.54051	0.981305
9.56904	1.42327
10.7052	1.90514
10.7104	0.963723
12.3747	1.04705
11.9267	0.00515071
13.2465	0.422588
14.2093	0.765611
15.1491	0.732346
41.4355	12.9323
2.73035	1.70588
2.52999	0.604559
39.971	13.0701
4.80551	1.10338
5.57553	1.73322
7.52099	1.44322
9.96289	1.41531
9.65709	1.45917
10.6668	1.92535
12.3	2.56814
12.7947	1.82448
13.9259	2.03685
15.2149	2.11056
15.1946	1.22883
38.3315	12.5255
17.0526	1.40047
3.76198	1.16629
7.45097	2.20401
6.45265	1.75418
9.825	2.67578
8.56447	2.23485
9.08668	1.60537
10.564	2.09134
11.9486	2.51661
13.6625	3.13454
13.9929	2.58033
14.3909	2.54788
15.2103	2.35562
16.0456	1.83487
17.0769	2.00432
18.4881	2.16231
20.1296	2.01238
5.74086	2.92011
8.58984	2.71722
9.67721	3.18094
8.29406	2.47984
11.4949	3.13174
12.9637	3.25081
14.1971	3.3508
15.5475	3.03753
15.6244	3.88246
37.1972	12.5591
15.2229	3.35594
15.9508	3.21213
16.6352	2.765
17.54	3.03575
18.7504	2.85433
20.0739	2.70299
8.24485	3.84427
9.86046	4.4557
11.246	3.97323
11.9722	3.75287
12.9341	3.66237
14.1042	4.19962
15.1617	4.0224
16.4423	4.3551
17.7623	4.69745
16.4527	4.00506
36.6716	13.407
17.5214	3.58101
20.7669	4.88302
20.5917	3.75966
19.7551	3.93243
20.6462	3.59102
9.97214	4.4729
10.8197	4.60286
11.2504	4.97986
12.6339	4.61928
13.7947	4.28039
13.0246	4.65784
21.8013	7.48604
22.5672	6.74994
23.1034	5.9495
20.5961	5.76381
21.8964	5.99322
23.3465	6.21674
19.2686	4.28195
22.5575	5.10179
35.6887	13.3334
34.5807	12.9171
11.6852	5.09755
12.6453	5.33668
13.6192	4.74716
14.481	5.40759
31.0064	12.4971
30.1692	12.7875
22.7235	7.66698
23.4247	6.8124
22.2589	6.46471
22.3909	6.5144
28.8564	12.4999
24.7232	6.42896
23.7261	5.81794
25.0142	6.05963
30.886	7.48094
27.1339	6.05141
12.4856	5.85422
13.4902	5.76871
14.2378	5.74363
15.9856	6.19008
17.0339	6.52614
21.975	8.0319
23.1391	8.30526
23.7805	7.60001
24.0802	7.72813
24.0982	7.23997
25.2993	7.46411
26.3067	6.96312
26.0219	6.03604
27.7266	7.11713
29.8653	7.87158
31.3994	8.23283
18.5017	9.02779
15.1955	6.40268
16.8638	7.02281
17.9593	6.82271
21.0294	7.74965
22.9907	8.38698
24.1585	8.55233
27.7035	12.3584
24.7917	8.41633
25.7354	8.16542
26.8172	7.91214
27.7908	7.30859
28.9275	7.68402
31.0142	8.53629
32.3262	9.13028
33.2051	8.65851
19.3849	9.31504
27.3459	12.8137
20.0704	8.3682
19.0664	7.96095
19.8971	7.52143
21.8511	8.28935
24.5722	9.48141
25.5172	8.76571
26.6548	9.274
26.632	9.01832
27.3533	8.68261
28.836	8.89735
38.4501	12.2261
31.5481	9.46867
32.476	9.21233
34.0876	9.4909
21.0327	10.0598
20.0813	9.10917
20.9627	8.72931
23.0272	9.56538
24.5092	9.69428
23.5328	9.03616
25.1275	9.45766
35.0506	11.1373
27.9074	9.83364
36.6862	11.8085
30.8283	9.80892
30.224	9.19049
30.7563	9.96756
35.7741	11.9401
34.3313	10.0695
35.9461	10.1093
22.1714	10.7094
23.4787	10.8582
33.6391	12.5614
24.7445	10.444
25.9419	10.6452
25.7539	9.80946
26.5925	9.66753
27.9912	10.1298
29.1535	10.5353
31.5203	11.2418
31.8174	11.1611
32.4129	10.3712
31.6673	9.75009
32.5371	9.9296
35.7202	10.7112
36.682	10.9291
24.2404	11.4357
24.4567	10.9697
25.8523	11.1287
25.7983	11.2893
27.2268	11.3452
26.8229	10.4954
28.1598	10.9987
29.3167	10.9214
30.6701	11.3438
32.0877	12.0131
32.9705	11.2637
34.0753	11.2177
33.6022	10.5433
32.0132	11.9214
36.9535	11.3956
37.6975	10.7585
25.3066	12.0333
26.292	12.0642
27.3747	11.7224
29.7388	13.0357
29.3007	12.0939
30.7129	11.4392
