-1.03542	0.235083
0.547409	-0.533821
1.99161	-0.0419257
2.39231	-0.401934
3.17658	-0.28492
4.17806	-0.749216
7.34843	0.407557
8.4596	0.87585
9.49366	1.31223
9.15692	0.294816
9.07631	0.270733
9.41739	-0.364295
10.5814	-0.413474
11.8246	-0.222184
13.2825	0.261741
14.0193	-0.207047
43.6149	12.6795
1.72593	-0.0517141
3.09117	0.331712
4.17373	0.161056
5.88519	0.860702
5.81712	-0.230025
8.69914	0.966459
9.75046	1.39619
10.9018	1.85969
10.7312	0.930033
12.4703	1.01773
11.8853	0.0242225
13.2364	0.4355
14.2382	0.765918
15.1764	0.716241
42.7814	12.9698
2.87608	1.66525
2.61684	0.569957
41.3017	13.0909
4.94354	1.04459
5.66219	1.73323
7.66898	1.46245
10.1225	1.42757
9.83283	1.44507
10.8539	1.90679
12.5236	2.53393
12.9309	1.79295
14.0875	2.01159
15.3888	2.10228
15.2706	1.22896
39.5937	12.6048
17.1669	1.38159
3.88797	1.11554
7.74729	2.09975
6.68225	1.7043
10.0574	2.73483
8.76284	2.26628
9.24644	1.60751
10.7466	2.07909
12.1564	2.49619
13.9124	3.11203
14.1891	2.56279
14.5777	2.49831
15.3992	2.3292
16.2045	1.78387
17.2408	1.99193
18.6673	2.13983
20.3208	1.9467
6.02396	2.84053
8.94427	2.57887
10.0649	3.06251
8.57688	2.42196
11.7193	3.26124
13.2003	3.37098
14.4448	3.48027
15.6132	3.08866
15.9415	3.87304
38.4804	12.5317
15.4801	3.34898
16.1885	3.14477
16.8666	2.69907
17.7809	2.97805
19.0047	2.83512
20.3153	2.63804
8.65282	3.7503
10.3328	4.32584
11.7835	3.79687
12.1802	4.53092
13.1279	3.888
14.3619	4.33049
15.4429	4.12963
16.7758	4.41289
18.1476	4.7016
16.7729	4.00539
38.0136	13.4114
17.8051	3.51317
21.2133	4.85063
20.9401	3.75659
20.0788	3.87632
20.9219	3.50299
10.4501	4.37541
11.2745	4.58639
11.7767	4.82384
13.1812	4.5309
14.2497	4.24334
13.3218	4.86854
22.7259	7.67886
23.3216	6.79924
23.9284	6.0503
21.1495	5.78327
22.4818	6.02508
23.9573	6.23975
19.634	4.23122
23.057	5.10072
37.0206	13.2987
35.8743	12.8736
12.2392	4.99596
13.2154	5.21171
14.2148	4.66833
15.0825	5.31191
32.3836	12.4949
31.5432	12.764
23.6646	7.62765
24.174	6.93679
22.8854	6.48181
23.0145	6.52408
30.2105	12.5016
25.3584	6.44323
24.2947	5.82216
25.645	6.07823
31.7581	7.56879
27.7721	5.97828
13.1026	5.67721
14.1106	5.66825
14.8645	5.6452
16.6705	6.11463
17.7542	6.4567
22.8749	8.04351
24.0564	8.28183
24.7232	7.59849
24.9016	7.8002
24.7986	7.25381
26.0259	7.52036
27.0187	7.00914
26.6728	6.10305
28.4905	7.15147
30.7219	7.91532
32.3132	8.29028
19.5075	9.1028
15.8817	6.30691
17.6156	6.93501
18.714	6.7626
21.9043	7.77862
23.907	8.37925
25.0791	8.55397
29.061	12.3434
25.6322	8.47144
26.5582	8.15879
27.5948	7.96412
28.5527	7.34394
29.7362	7.71558
31.9144	8.56405
33.2802	9.14955
34.176	8.72901
20.4248	9.39544
28.7191	12.8078
20.969	8.31237
19.9246	7.90226
20.7549	7.48305
22.7714	8.26831
25.5857	9.43826
26.4526	8.74602
27.6138	9.24238
27.5311	9.00303
28.2326	8.65268
29.7262	8.93124
39.7117	12.2506
32.5141	9.45418
33.4514	9.24077
35.1006	9.52432
22.1236	10.1188
21.0145	9.05161
21.8992	8.68136
24.0772	9.54198
25.5738	9.68858
24.5305	9.03565
26.1452	9.475
36.1212	11.3531
28.8897	9.79175
37.8586	11.9283
31.8927	9.5419
31.0331	9.62612
31.8437	10.1057
36.9798	11.8592
35.3835	10.0913
37.0336	10.1405
23.3221	10.737
24.651	10.8778
34.8933	12.5124
25.8953	10.4318
27.102	10.609
26.821	9.81566
27.6272	9.68841
29.0556	10.1292
30.222	10.4915
32.6712	11.21
33.0697	11.0597
33.5233	10.1535
32.5505	10.164
33.3776	10.5194
36.8454	10.7337
37.8209	10.9204
25.4844	11.4632
25.6489	10.9808
27.0644	11.1241
27.0076	11.2554
28.4559	11.3035
27.9284	10.4983
29.2824	10.9814
30.4395	10.894
31.8183	11.2917
33.2913	11.9401
34.1831	11.1909
35.2514	11.0644
34.5781	10.8411
33.1998	11.8703
38.1453	11.4226
38.8334	10.7269
26.5879	12.0482
27.6014	12.0821
28.6576	11.7365
31.1189	12.9894
30.6218	12.0776
31.8682	11.3995
