-2.57979	-0.264103
0.349418	-0.293403
1.8553	0.136233
2.25049	-0.23652
3.07024	-0.197178
4.10287	-0.659081
7.39963	0.458832
8.5456	0.880933
9.61529	1.27416
9.19076	0.273667
9.10451	0.226301
9.44621	-0.425128
10.6274	-0.497044
11.9059	-0.294768
13.4627	0.104557
14.2445	-0.541973
44.8419	12.229
1.62748	0.123494
3.01125	0.466046
4.09742	0.285657
5.89512	0.951487
5.80126	-0.147714
8.79641	1.00069
9.87879	1.40254
11.0571	1.81429
10.8253	0.886587
12.6266	0.957095
11.9778	-0.0300084
13.3656	0.365705
14.4344	0.650867
15.368	0.532721
44.3788	12.9108
3.09441	1.62131
2.67488	0.588584
42.8522	12.9729
4.95085	1.13588
5.66912	1.82415
7.76071	1.5356
10.2375	1.4517
9.95439	1.46672
10.9991	1.90626
12.7232	2.49136
13.1415	1.73236
14.3274	1.95498
15.6468	2.02399
15.4796	1.15802
41.0624	12.5943
17.3993	1.27694
4.04992	1.04834
7.88591	2.20687
6.79353	1.7926
10.2798	2.78624
8.93122	2.32707
9.35991	1.63528
10.8917	2.07652
12.3372	2.475
14.1563	3.07368
14.4608	2.50639
14.8435	2.41401
15.6724	2.26756
16.4632	1.70863
17.515	1.92496
18.9528	2.0701
20.5677	1.87452
6.37148	2.77494
9.12245	2.67581
10.2977	3.11734
8.76464	2.49069
12.0269	3.30411
13.5289	3.40557
14.7953	3.49111
15.9425	3.06225
16.2873	3.83746
39.9491	12.4502
15.8124	3.29923
16.5027	3.0452
17.181	2.60978
18.1161	2.87142
19.3557	2.77386
20.6466	2.55647
9.10621	3.72034
10.8288	4.31713
12.0923	3.84429
12.5651	4.54069
13.5023	3.91417
14.7506	4.33939
15.8326	4.11423
17.1941	4.38577
18.5955	4.66476
17.1633	3.96168
39.5238	13.3614
18.1681	3.41589
21.7387	4.78012
21.375	3.71876
20.4889	3.79505
21.2577	3.41832
10.9655	4.36228
11.7758	4.09161
12.3198	4.83384
13.5805	4.57261
14.6535	4.31327
13.7154	4.89075
23.6164	7.56433
24.3664	6.812
24.8808	5.99734
21.7777	5.76877
23.1441	6.02745
24.6441	6.23514
20.0787	4.14588
23.6354	5.0646
38.4932	13.2728
37.2946	12.8561
12.8137	5.00032
13.7934	5.22618
14.8077	4.70917
15.5926	5.33846
33.7487	12.5898
32.9006	12.8372
24.5435	7.71888
25.2172	6.85447
23.5924	6.46861
23.717	6.5028
31.4709	12.7059
26.0705	6.43269
24.9407	5.79792
26.3463	6.05976
32.6757	7.6247
28.4331	6.00742
13.7329	5.60744
14.7385	5.68056
15.4809	5.66955
17.3235	6.1535
18.4472	6.49881
23.7809	8.10729
24.9723	8.34834
25.5988	7.6299
25.8641	7.77628
25.5859	7.23733
26.8476	7.55277
27.8161	7.02318
27.3972	6.14841
29.3147	7.14947
31.6254	7.9269
33.2615	8.32175
20.5251	9.16886
16.5633	6.32529
18.3508	6.9568
19.4476	6.80614
22.7856	7.86288
24.8336	8.40551
26.0188	8.56446
30.273	12.615
26.5661	8.47412
27.4746	8.11591
28.4741	7.98428
29.3937	7.33366
30.6067	7.7105
32.8587	8.56262
34.2589	9.15265
35.1689	8.78248
21.4678	9.47358
29.9373	13.1618
21.8542	8.36234
20.7712	7.94585
21.6031	7.53718
23.695	8.32043
26.6474	9.36402
27.4148	8.77307
28.6198	9.24746
28.5251	8.96325
29.2098	8.5771
30.7396	8.90786
41.1337	12.168
33.5236	9.40688
34.4704	9.23341
36.1209	9.555
23.2004	10.1907
21.9363	9.09882
22.8245	8.73498
25.1187	9.61639
26.6466	9.75938
25.5477	9.10095
27.2052	9.53885
37.4302	11.3547
29.9419	9.76798
39.2391	11.9425
32.9907	9.49918
32.1341	9.60613
32.9214	10.1233
38.3659	11.7778
36.4823	10.0701
38.1066	10.1879
24.4396	10.796
25.7818	10.9646
36.2634	12.497
27.0243	10.5274
28.2399	10.6695
27.9222	9.89565
28.7187	9.76679
30.1886	10.1836
31.3664	10.4842
33.9063	11.2728
34.3977	11.059
34.7068	10.0979
33.7317	10.1531
34.609	10.4434
38.0198	10.7096
38.9589	10.9126
26.6325	11.5466
26.7952	11.0921
28.2256	11.2719
28.1972	11.3183
29.6642	11.3586
29.085	10.559
30.4705	11.0152
31.6401	10.9196
33.05	11.2918
34.5944	11.9387
35.4973	11.1961
36.5439	10.9934
35.8138	10.8298
34.485	11.8606
39.4404	11.3749
39.9085	10.5145
27.7713	11.8744
28.8055	12.3113
29.8696	11.9539
32.4403	13.0607
31.9281	12.157
33.1111	11.4061
