-2.62703	-0.220622
0.319715	-0.31216
1.86072	0.113667
2.23858	-0.230225
3.04852	-0.201161
4.07975	-0.637178
7.50004	0.467354
8.67371	0.857673
9.77248	1.22287
9.18082	0.288689
9.08269	0.216997
9.38933	-0.420966
10.5701	-0.505935
11.8558	-0.253293
13.4423	0.134575
14.1973	-0.533395
46.2626	12.2463
1.65588	0.122243
3.05175	0.441153
4.13402	0.299599
6.00547	0.967531
5.8368	-0.12667
8.941	1.00762
10.0493	1.39751
11.2468	1.77149
10.8747	0.881362
12.7258	0.953787
11.9693	0.000560553
13.3841	0.389033
14.4768	0.673844
15.4005	0.531688
45.8958	12.9721
3.24318	1.62104
2.75347	0.605227
44.3212	12.9957
5.07078	1.10288
5.74016	1.83315
7.94273	1.54779
10.4281	1.42698
10.1204	1.4714
11.1908	1.89211
12.9639	2.45121
13.3107	1.71722
14.5254	1.94664
15.849	2.01569
15.5894	1.17063
42.4985	12.6746
17.5249	1.2853
4.17973	1.04675
8.13693	2.20343
7.01021	1.7822
10.5923	2.78653
9.19135	2.33218
9.54891	1.60888
11.0976	2.03815
12.5672	2.43936
14.4421	3.03455
14.7035	2.49902
15.0685	2.37535
15.9002	2.25803
16.6558	1.67705
17.7137	1.92994
19.1616	2.07795
20.7598	1.86341
6.66994	2.75512
9.40648	2.67637
10.6171	3.122
9.04917	2.48967
12.4155	3.30574
13.9335	3.41073
15.2137	3.48935
16.3106	3.04167
16.6697	3.80837
41.3943	12.4269
16.1261	3.29697
16.7822	2.98292
17.4542	2.55225
18.402	2.80751
19.652	2.77335
20.9113	2.53162
9.53445	3.70927
11.3186	4.29546
12.4827	3.86462
13.0202	4.52323
13.9502	3.91302
15.2	4.33764
16.2793	4.0988
17.6576	4.36583
19.0743	4.64113
17.5587	3.95063
41.0385	13.3734
18.5007	3.3519
22.2601	4.73335
21.7729	3.73012
20.8619	3.76686
21.5432	3.38075
11.4672	4.36068
12.2697	4.07813
12.8657	4.8055
14.0495	4.58154
15.1301	4.34948
14.1655	4.88758
24.5299	7.68576
25.1644	6.83147
25.7035	6.03197
22.4312	5.7672
23.8344	6.03662
25.3587	6.2414
20.5043	4.09166
24.2091	5.05571
39.9909	13.2759
38.7405	12.8616
13.3911	5.00197
14.3843	5.21047
15.4154	4.73126
16.1575	5.33553
35.2383	12.6147
34.3909	12.8394
25.461	7.78262
26.0499	6.88759
24.3218	6.46952
24.4398	6.496
32.9546	12.7104
26.8083	6.43554
25.5987	5.79503
27.0599	6.05951
33.6345	7.69355
29.1012	6.02465
14.3667	5.53451
15.3734	5.6774
16.1228	5.66649
18.0142	6.15986
19.1776	6.49636
24.7262	8.121
25.9226	8.3846
26.5081	7.63381
26.7492	7.76182
26.3925	7.23513
27.6986	7.59166
28.6441	7.04722
28.1491	6.21348
30.1673	7.1584
32.5716	7.94175
34.2638	8.35118
21.6229	9.22057
17.2635	6.32096
19.1179	6.94654
20.2169	6.81027
23.7115	7.88723
25.7958	8.39021
26.9874	8.54884
31.7569	12.5997
27.4852	8.41775
28.3972	8.09209
29.3807	8.01319
30.2659	7.33739
31.5131	7.71226
33.8508	8.55766
35.3025	9.13025
36.2301	8.82702
22.6001	9.53172
31.4418	13.152
22.7868	8.36091
21.6616	7.94584
22.4897	7.54928
24.657	8.32766
27.737	9.23053
28.4047	8.77589
29.6483	9.23964
29.5204	8.94255
30.1873	8.533
31.7596	8.9072
42.5158	12.1787
34.5728	9.35393
35.5316	9.22821
37.2245	9.55119
24.3848	10.2229
22.9111	9.09039
23.8029	8.73546
26.2301	9.62768
27.7841	9.7772
26.6116	9.12137
28.3075	9.56571
38.7232	11.4078
31.0088	9.74591
40.5991	12.0267
34.093	9.49898
33.2362	9.59699
34.0228	10.1116
39.7406	11.7503
37.6252	10.0616
39.2879	10.1859
25.6846	10.8022
27.0455	10.9695
37.6617	12.4969
28.2523	10.5408
29.471	10.6592
29.0757	9.93222
29.8481	9.81974
31.3548	10.2192
32.5365	10.4708
35.1666	11.3587
35.6828	11.0727
35.8909	10.0873
34.9112	10.1575
35.8127	10.4504
39.2389	10.7033
40.1874	10.8725
27.9875	11.561
28.0802	11.0982
29.5349	11.279
29.4857	11.3032
30.973	11.3416
30.2976	10.5784
31.7034	11.0209
32.8782	10.9312
34.3118	11.2897
35.9274	11.9401
36.7859	11.1543
37.8284	10.9676
37.0385	10.8535
35.8014	11.8543
40.7406	11.378
41.1377	10.4808
29.1606	11.8881
30.2374	12.3229
31.2754	11.9707
33.9386	13.0201
33.3544	12.1651
34.3877	11.4094
