-2.67009	-0.162389
0.292594	-0.330043
1.86466	0.0824412
2.22483	-0.252539
3.01789	-0.263386
4.04169	-0.673214
7.58236	0.407159
8.77825	0.769763
9.8963	1.10798
9.12937	0.269875
9.01815	0.192867
9.25656	-0.328356
10.4502	-0.422062
11.7781	-0.197632
13.4094	0.179364
14.1472	-0.50279
47.7833	12.2898
1.68097	0.114602
3.08476	0.402578
4.16497	0.257125
6.10456	0.909696
5.85549	-0.17103
9.07186	0.938804
10.2033	1.3157
11.4068	1.67021
10.8864	0.852303
12.7643	0.974901
11.9117	0.0740305
13.3694	0.436664
14.5025	0.710074
15.4211	0.551866
47.4924	13.0392
3.3797	1.61926
2.82969	0.616413
45.8687	13.0411
5.16558	1.05038
5.84828	1.77395
8.10121	1.49537
10.591	1.36298
10.282	1.39596
11.3645	1.8049
13.1703	2.35573
13.4462	1.69239
14.6889	1.936
16.0184	2.01212
15.6739	1.20023
44.0119	12.7334
17.6413	1.30321
4.30023	1.05223
8.36325	2.17355
7.20118	1.74884
10.8661	2.7507
9.41437	2.28613
9.71128	1.53628
11.2774	1.95215
12.7723	2.34956
14.6993	2.95007
14.9146	2.47923
15.2603	2.32452
16.096	2.25324
16.8218	1.66509
17.8908	1.95181
19.357	2.09064
20.9383	1.85539
6.95429	2.72747
9.67014	2.6512
10.9148	3.10378
9.30131	2.4623
12.7631	3.27885
14.2961	3.37994
15.5934	3.46549
16.6154	3.00419
17.0276	3.74574
42.8635	12.5518
16.416	3.28367
17.0296	2.91471
17.6975	2.50845
18.6652	2.75505
19.9287	2.7894
21.1603	2.50579
9.95396	3.67119
11.7949	4.23899
12.8565	3.86456
13.4526	4.48903
14.3651	3.88307
15.6204	4.30827
16.6938	4.05899
18.094	4.32706
19.5341	4.6023
17.9333	3.92505
42.5484	13.479
18.8064	3.28752
22.7724	4.6928
22.1649	3.75981
21.2241	3.73322
21.8165	3.3338
11.969	4.31244
12.6867	3.84881
13.4018	4.73461
14.5038	4.56358
15.5868	4.35297
14.5846	4.85825
25.5962	7.59805
26.3457	6.8453
26.8519	6.02548
23.0936	5.77089
24.5378	6.06515
26.0886	6.2741
20.9158	4.03496
24.7896	5.073
41.5097	13.2413
40.2149	12.797
13.9727	4.95012
14.9709	5.15431
16.0223	4.71792
16.7143	5.29863
36.7998	12.5816
35.9495	12.7809
26.5249	7.74232
27.1903	6.88182
25.0688	6.48503
25.1798	6.50597
34.5234	12.7003
27.5656	6.4732
26.2675	5.8184
27.8062	6.09808
34.6783	7.83092
29.8784	5.97899
15.0395	5.30302
16.0201	5.61905
16.7681	5.62316
18.7205	6.13235
19.932	6.48245
25.7402	8.14136
26.9539	8.37167
27.5802	7.6531
27.7984	7.82968
27.2241	7.26426
28.5871	7.67355
29.5124	7.11957
28.9173	6.35357
31.0826	7.21143
33.5993	8.00563
35.3593	8.43529
22.8251	9.32418
17.9873	6.26169
19.9171	6.89202
21.0197	6.79667
24.7015	7.90948
26.82	8.41475
28.0227	8.57726
33.3218	12.581
28.4706	8.5563
29.3418	8.11533
30.3327	8.10655
31.1845	7.39197
32.4839	7.76121
34.929	8.60103
36.448	9.15808
37.3906	8.93149
23.845	9.63855
33.031	13.1461
23.78	8.32387
22.6005	7.90867
23.4349	7.54928
25.6832	8.3336
28.8747	9.13275
29.4557	8.79195
30.7303	9.22943
30.5424	8.94785
31.2	8.558
32.8192	9.02382
43.9946	12.2269
35.7381	9.3085
36.7003	9.27282
38.4359	9.59882
25.6823	10.301
23.9505	9.04504
24.8456	8.69857
27.4192	9.60377
28.993	9.77232
27.744	9.1319
29.4736	9.58703
40.1279	11.3874
32.124	9.70779
42.065	12.0606
35.1481	9.95903
34.4699	9.43548
35.1771	10.0576
41.1425	11.9812
38.8771	10.0978
40.5825	10.2292
27.0403	10.8418
28.4201	10.9917
39.0877	12.41
29.5641	10.5175
30.7868	10.6041
30.2869	9.96196
31.0398	9.84796
32.5746	10.2174
33.7517	10.4101
36.343	11.647
38.0119	11.0618
37.0249	10.6063
36.2202	10.0304
37.1405	10.3482
40.5735	10.7407
41.5311	10.8691
29.4416	11.5943
29.4705	11.1058
30.9387	11.2654
30.8519	11.2458
32.3546	11.2804
31.5641	10.5764
32.9874	10.9859
34.1576	10.8812
35.6183	11.1898
37.2934	11.7667
38.4162	12.0258
39.1344	11.323
38.382	10.781
37.1492	11.7666
42.146	11.4238
42.4957	10.5089
30.6464	11.9292
31.7618	12.3385
32.7737	11.9724
35.5361	12.9004
34.849	12.1214
35.7024	11.3384
