0.001	2.7379e-11	1.78023e-08	1.79734e-08	6.20722e-08	1.64663e-08	1.68556e-08
0.00205	2.72146e-11	1.78033e-08	-7.12413e-09	4.31723e-08	6.69489e-09	2.592e-08
0.0031525	2.68103e-11	1.78461e-08	2.25964e-09	5.32919e-08	-1.94991e-08	4.60186e-08
0.00431013	2.69104e-11	1.79233e-08	-6.04616e-09	1.84146e-08	9.25423e-10	2.85968e-08
0.00552563	2.70626e-11	1.80382e-08	2.21046e-08	4.92553e-08	-6.92974e-09	1.14922e-08
0.00680191	2.72287e-11	1.82078e-08	1.08511e-09	3.88154e-08	-7.56887e-09	3.5168e-08
0.00814201	2.7519e-11	1.84285e-08	-1.04214e-08	3.42696e-08	-1.57341e-08	3.66011e-08
0.00954911	2.77838e-11	1.8724e-08	4.86213e-11	6.89927e-08	-1.3621e-08	5.79595e-08
0.0110266	2.81962e-11	1.9073e-08	4.96423e-09	3.73794e-08	-1.8887e-08	3.73495e-08
0.0125779	2.87228e-11	1.9511e-08	-3.96679e-09	2.94562e-08	-6.11943e-09	2.35119e-08
0.0142068	2.92851e-11	2.00485e-08	-1.47224e-08	3.29542e-08	-5.22538e-09	5.3217e-08
0.0159171	3.04749e-11	2.0682e-08	1.82059e-08	4.23931e-08	-1.29424e-08	2.72915e-08
0.017713	3.14263e-11	2.14347e-08	-1.11954e-08	3.25265e-08	4.6509e-09	2.55558e-08
0.0195986	3.24867e-11	2.23233e-08	7.71466e-09	5.25856e-08	-8.43689e-09	2.75556e-08
0.0215786	3.39541e-11	2.33616e-08	-8.60452e-09	3.56426e-08	1.51878e-08	1.61047e-08
0.0236575	3.56435e-11	2.45649e-08	-7.7971e-09	5.42885e-08	1.41985e-08	3.3958e-08
0.0258404	3.78846e-11	2.59597e-08	-3.966e-09	5.62868e-08	-3.9332e-10	1.266e-08
0.0281324	4.02432e-11	2.75734e-08	3.88852e-09	3.25392e-08	4.41336e-09	2.00961e-08
0.030539	4.30645e-11	2.94173e-08	-3.96521e-09	4.38175e-08	8.56205e-09	2.65723e-08
0.033066	4.63686e-11	3.15452e-08	-3.58825e-08	3.05945e-08	1.23544e-09	4.04543e-08
0.0357193	4.97358e-11	3.39638e-08	-1.74013e-08	3.38537e-08	3.22924e-09	3.32883e-08
0.0385052	5.42693e-11	3.67349e-08	-2.84619e-09	2.55703e-08	-6.72341e-09	3.46096e-08
0.0414305	5.92514e-11	3.98924e-08	-1.99218e-08	2.97032e-08	1.48615e-08	3.90387e-08
0.044502	6.48398e-11	4.34891e-08	-2.01216e-08	3.40303e-08	8.06298e-09	3.91722e-08
0.0477271	7.12046e-11	4.75875e-08	-4.8991e-08	2.93457e-08	1.94578e-08	7.26318e-08
0.0511135	7.90494e-11	5.22452e-08	-2.85594e-08	3.1054e-08	1.94133e-08	4.60349e-08
0.0546691	8.7379e-11	5.75487e-08	-2.8932e-08	2.7845e-08	1.10038e-08	4.51652e-08
0.0584026	9.68463e-11	6.35879e-08	-5.03779e-08	2.18475e-08	1.97813e-08	2.875e-08
0.0623227	1.08346e-10	7.04635e-08	-3.67185e-08	2.85084e-08	4.64793e-08	2.89761e-08
0.0664388	1.21427e-10	7.83031e-08	-3.27271e-08	3.26127e-08	2.41821e-08	4.1215e-08
0.0707608	1.36321e-10	8.7244e-08	-5.45629e-08	2.03201e-08	3.0593e-08	3.03967e-08
0.0752988	1.53392e-10	9.7456e-08	-7.99923e-08	4.24093e-09	1.45376e-08	5.28202e-09
0.0800638	1.7352e-10	1.0912e-07	-6.79626e-08	1.64089e-08	2.51078e-08	2.77123e-08
0.085067	1.97177e-10	1.22455e-07	-7.00051e-08	2.25841e-08	2.99909e-08	3.20305e-08
0.0903203	2.24885e-10	1.3771e-07	-5.46313e-08	1.76667e-08	2.46019e-08	2.0377e-08
0.0958363	2.56261e-10	1.55209e-07	-5.21262e-08	2.24704e-08	1.02384e-08	2.45426e-08
0.101628	2.93411e-10	1.75424e-07	-6.73449e-08	-4.60743e-09	4.17372e-08	1.6465e-08
0.10771	3.38749e-10	1.98815e-07	-9.57068e-08	-8.02209e-09	3.97462e-08	1.45145e-08
0.114095	3.90893e-10	2.25883e-07	-9.48543e-08	-1.56337e-08	2.61613e-08	4.78462e-09
0.1208	4.55776e-10	2.57216e-07	-1.41316e-07	-1.31431e-08	4.8776e-08	-1.25839e-08
0.12784	5.3133e-10	2.93509e-07	-1.48058e-07	-2.28076e-08	3.62036e-08	-8.96235e-09
0.135232	6.20684e-10	3.35586e-07	-1.59503e-07	-3.32526e-08	2.51431e-08	-4.53873e-08
0.142993	7.29772e-10	3.84413e-07	-1.5882e-07	-1.01375e-08	3.10998e-08	-5.53464e-08
0.151143	8.59253e-10	4.41157e-07	-1.82209e-07	-1.18405e-08	2.30602e-08	-8.05237e-08
0.1597	1.02013e-09	5.07204e-07	-2.15917e-07	-3.29038e-08	4.18713e-08	-9.77975e-08
0.168685	1.21149e-09	5.84236e-07	-2.51248e-07	-3.25762e-08	3.65994e-08	-1.44477e-07
0.178119	1.45416e-09	6.74291e-07	-2.58613e-07	-2.38545e-08	4.6692e-08	-1.5793e-07
0.188025	1.75638e-09	7.7999e-07	-2.79736e-07	-2.85958e-08	3.72649e-08	-2.11522e-07
0.198427	2.14467e-09	9.0499e-07	-3.1241e-07	-2.06514e-08	7.48643e-08	-2.61382e-07
0.209348	2.65217e-09	1.0536e-06	-3.50733e-07	-3.3592e-08	3.41549e-08	-3.06569e-07
0.220815	3.32927e-09	1.23138e-06	-3.87148e-07	-2.5108e-08	5.62589e-08	-3.69145e-07
0.232856	4.25762e-09	1.4456e-06	-4.20315e-07	-9.72351e-09	4.09755e-08	-4.5345e-07
0.245499	5.337e-09	1.69289e-06	-4.7297e-07	1.6041e-08	3.9298e-08	-4.97184e-07
0.258774	7.22011e-09	2.01314e-06	-5.0331e-07	4.94179e-08	1.56438e-08	-5.93912e-07
0.272713	1.0052e-08	2.41394e-06	-5.30584e-07	5.89112e-08	1.22216e-08	-6.76535e-07
0.287348	1.43922e-08	2.92053e-06	-6.12427e-07	8.31642e-08	-3.08009e-08	-7.94537e-07
0.302716	2.10477e-08	3.56242e-06	-6.61424e-07	1.15262e-07	-1.38225e-07	-9.49055e-07
0.318851	3.15811e-08	4.38916e-06	-7.85016e-07	1.22094e-07	-1.73544e-07	-1.07302e-06
0.335794	5.40433e-08	5.50602e-06	-8.46469e-07	2.13164e-07	-5.12257e-07	-1.27316e-06
0.353584	1.14721e-07	7.12734e-06	-8.28851e-07	3.47195e-07	-1.35297e-06	-1.36001e-06
0.372263	2.12728e-07	8.59979e-06	-9.23172e-07	6.01482e-07	-1.79176e-06	-1.45719e-06
0.391876	2.1451e-06	1.17224e-05	-1.22663e-06	8.10363e-07	-2.81739e-06	-1.60569e-06
0.41247	1.30435e-05	1.49156e-05	-1.4149e-06	9.9371e-07	-2.98625e-06	-2.06931e-06
0.434093	3.9944e-05	1.80273e-05	-1.21995e-06	1.20918e-06	-3.50794e-06	-2.51148e-06
0.456798	9.37114e-05	2.0146e-05	-8.42591e-07	1.33822e-06	-4.2473e-06	-2.94395e-06
0.480638	0.000185441	2.1595e-05	-5.55224e-07	1.50435e-06	-4.99695e-06	-3.30641e-06
0.50567	0.000325137	2.30176e-05	-6.12272e-07	1.41938e-06	-5.40551e-06	-3.57921e-06
0.531953	0.000524771	2.41525e-05	-7.25894e-07	1.38444e-06	-6.32409e-06	-3.73099e-06
0.559551	0.000799958	2.50306e-05	-1.08456e-06	1.43542e-06	-7.88436e-06	-3.91607e-06
0.588529	0.00116812	2.5681e-05	-1.24391e-06	1.46301e-06	-8.21179e-06	-4.04444e-06
0.618955	0.00164753	2.63456e-05	-1.20373e-06	1.53123e-06	-8.26589e-06	-4.12903e-06
0.650903	0.00225935	2.70956e-05	-1.03457e-06	1.66974e-06	-8.48297e-06	-4.32172e-06
0.684448	0.00302849	2.8058e-05	-1.00385e-06	1.65141e-06	-8.87753e-06	-4.65363e-06
0.71967	0.00398267	2.88939e-05	-1.531e-06	1.50242e-06	-8.79501e-06	-5.04588e-06
0.756654	0.00517271	2.94518e-05	-1.6118e-06	1.65951e-06	-9.1412e-06	-5.07376e-06
0.795486	0.00664117	3.00762e-05	-2.06173e-06	1.72149e-06	-9.38473e-06	-4.88804e-06
0.836261	0.00843808	3.05443e-05	-1.92211e-06	1.98123e-06	-9.40282e-06	-4.73488e-06
0.879074	0.0106294	3.10153e-05	-2.15802e-06	1.97327e-06	-9.34208e-06	-4.55188e-06
0.924027	0.0132824	3.1535e-05	-2.25325e-06	1.74138e-06	-9.07686e-06	-4.28223e-06
0.971229	0.0164729	3.23562e-05	-2.5081e-06	1.18787e-06	-6.80091e-06	-2.87571e-06
1.02079	0.0202991	3.26692e-05	-2.10052e-06	1.62357e-06	-6.05236e-06	-2.23139e-06
1.07283	0.0248703	3.29265e-05	-2.04641e-06	1.82931e-06	-5.26158e-06	-1.63074e-06
1.12747	0.0303064	3.31681e-05	-1.34773e-06	2.22134e-06	-4.7985e-06	-1.4299e-06
1.18484	0.0367423	3.34099e-05	-1.14161e-06	2.30556e-06	-4.23589e-06	-1.11107e-06
1.24509	0.0443295	3.36659e-05	-5.81665e-07	2.92189e-06	-3.42207e-06	-5.91424e-07
1.30834	0.0532376	3.39631e-05	-4.69544e-08	3.33613e-06	-2.68612e-06	-3.61836e-07
1.37476	0.0636535	3.43866e-05	6.10634e-08	3.51997e-06	-1.96614e-06	-2.73563e-07
1.4445	0.0751484	3.60629e-05	1.37088e-06	3.51458e-06	-3.76862e-07	-5.92132e-07
1.51772	0.0892105	3.62313e-05	1.69698e-06	3.80856e-06	2.69992e-07	-5.78137e-07
1.59461	0.105566	3.62625e-05	2.57079e-06	3.94725e-06	4.96981e-07	-6.17101e-07
1.67534	0.124554	3.65039e-05	2.90397e-06	4.52138e-06	1.15875e-06	-9.15263e-07
1.7601	0.146555	3.70454e-05	3.91537e-06	4.98521e-06	8.60101e-07	-1.21802e-06
1.84911	0.172002	3.8233e-05	3.57467e-06	4.97625e-06	1.501e-06	-1.20896e-06
1.94257	0.201373	3.90329e-05	3.79432e-06	5.01035e-06	1.84397e-06	-1.75899e-06
2.04069	0.23521	4.03135e-05	5.445e-06	5.27189e-06	7.25991e-09	-2.4165e-06
2.14373	0.274026	4.20424e-05	0.000410276	8.43622e-05	-7.56662e-05	-2.14673e-05
2.25191	0.318019	4.59268e-05	-5.20142e-06	2.52211e-06	-5.90524e-06	-1.2704e-06
2.36551	0.369252	4.6655e-05	0.00394464	0.00160238	0.00382859	0.00133604
2.48479	0.427768	4.72469e-05	-4.68243e-06	2.36073e-06	-4.94711e-06	-1.09335e-06
2.61003	0.494974	4.87053e-05	-4.07854e-05	4.63735e-05	0.000175129	7.68528e-05
2.74153	0.571794	5.02058e-05	-2.88765e-06	2.08929e-06	-5.65194e-06	-1.05072e-06
2.8796	0.658935	5.08377e-05	0.000793329	0.000557901	2.81676e-05	0.000226888
3.02458	0.75896	5.11846e-05	0.00907871	0.00327835	0.00206875	0.000912853
3.17681	0.872826	5.18186e-05	1.30501e-05	3.81706e-06	1.67048e-05	1.00852e-06
3.33665	1.00223	5.38183e-05	1.43704e-05	3.65477e-06	1.56104e-05	1.23701e-07
3.50449	1.14912	5.32397e-05	1.82124e-05	4.91708e-06	1.5845e-05	3.19305e-07
3.68071	1.31563	5.43388e-05	1.74622e-05	4.50591e-06	1.7979e-05	5.22844e-07
3.86574	1.50412	5.54544e-05	1.83906e-05	4.68048e-06	1.68847e-05	1.64542e-07
4.06003	1.71716	5.65392e-05	2.03189e-05	4.95081e-06	1.41099e-05	-6.3088e-07
4.26403	1.95763	5.92223e-05	5.5266e-06	5.03524e-06	-1.05545e-05	-1.18992e-06
4.47824	2.22871	6.01266e-05	1.75171e-05	6.4206e-06	-7.45381e-06	-1.02082e-06
4.70315	2.5339	6.16695e-05	0.00331493	0.000553917	-0.000513063	-5.66296e-05
4.9393	2.87708	6.26478e-05	-3.73263e-06	2.07744e-06	-1.72647e-05	-3.63821e-06
5.18727	3.26255	6.34789e-05	9.27246e-06	4.17376e-06	-2.67074e-05	-4.74422e-06
5.44763	3.69508	6.4196e-05	1.0565e-05	4.0428e-06	-2.07134e-05	-3.44557e-06
5.72102	4.17991	6.47949e-05	7.2527e-06	3.12838e-06	-1.79199e-05	-2.83137e-06
6.00807	4.72288	6.53441e-05	2.47306e-06	2.07341e-06	-1.81282e-05	-3.07323e-06
6.30947	5.33048	6.58984e-05	6.77821e-06	2.50051e-06	-2.80507e-05	-3.9132e-06
6.62594	6.00984	6.64083e-05	3.06542e-05	5.75006e-06	-1.97823e-05	-2.53052e-06
6.95824	6.76879	6.57854e-05	-4.4824e-06	4.86781e-07	-1.92443e-05	-4.12474e-06
7.30715	7.61634	6.68462e-05	1.10376e-05	2.70932e-06	-3.47064e-05	-4.99863e-06
7.67351	8.56211	6.80169e-05	2.01106e-05	3.18727e-06	-4.77978e-05	-6.61731e-06
8.05818	9.61692	6.88489e-05	-4.67854e-06	1.01856e-07	-3.74464e-05	-5.02799e-06
8.46209	10.7927	6.91113e-05	-3.3632e-05	-2.28558e-06	-1.56734e-06	-1.97596e-06
8.8862	12.1024	7.01803e-05	4.85303e-06	1.08299e-06	2.4294e-05	1.31963e-06
9.33151	13.5607	7.06946e-05	5.46774e-06	1.67346e-06	-3.5371e-05	-5.23728e-06
9.79908	15.1835	7.10341e-05	0.000950877	2.2785e-05	-0.00127775	-0.000124845
10.29	16.9886	7.12479e-05	3.02831e-05	3.62479e-06	1.01559e-05	-4.70944e-07
10.8055	18.9954	7.28973e-05	-7.6792e-06	-4.49512e-07	-7.38208e-05	-7.48509e-06
11.3468	21.2256	7.37275e-05	-2.69223e-06	6.0131e-07	1.47867e-06	-1.03263e-06
11.9152	23.703	7.43333e-05	-2.64289e-06	-1.58486e-07	-0.000150695	-1.34623e-05
12.5119	26.4541	7.49057e-05	-2.2963e-06	6.07954e-07	-8.40397e-06	-1.11636e-06
