777
1243
598
325
0	0	0
1	1	0
2	2	0
3	3	0
4	4	0
5	5	0
6	6	0
7	7	0
8	8	0
9	9	0
10	10	0
11	11	0
12	12	0
13	13	0
14	14	0
15	15	0
16	16	0
17	17	0
18	18	0
19	19	0
20	20	0
21	21	0
22	29.5	25.1147
23	23	0
24	24	0
25	25	0
26	26	0
27	27	0
28	28	0
29	28.5	25.1147
30	0.5	0.866025
31	1.5	0.866025
32	2.5	0.866025
33	3.5	0.866025
34	4.5	0.866025
35	5.5	0.866025
36	27.5	25.1147
37	7.5	0.866025
38	8.5	0.866025
39	9.5	0.866025
40	10.5	0.866025
41	11.5	0.866025
42	12.5	0.866025
43	13.5	0.866025
44	14.5	0.866025
45	15.5	0.866025
46	16.5	0.866025
47	17.5	0.866025
48	18.5	0.866025
49	19.5	0.866025
50	20.5	0.866025
51	21.5	0.866025
52	22.5	0.866025
53	23.5	0.866025
54	26.5	25.1147
55	25.5	0.866025
56	26.5	0.866025
57	27.5	0.866025
58	25.5	25.1147
59	29.5	0.866025
60	0	1.73205
61	1	1.73205
62	2	1.73205
63	3	1.73205
64	4	1.73205
65	5	1.73205
66	6	1.73205
67	7	1.73205
68	24.5	25.1147
69	9	1.73205
70	10	1.73205
71	11	1.73205
72	12	1.73205
73	13	1.73205
74	14	1.73205
75	15	1.73205
76	16	1.73205
77	17	1.73205
78	18	1.73205
79	19	1.73205
80	20	1.73205
81	21	1.73205
82	22	1.73205
83	23	1.73205
84	24	1.73205
85	25	1.73205
86	26	1.73205
87	27	1.73205
88	28	1.73205
89	29	1.73205
90	0.5	2.59808
91	1.5	2.59808
92	2.5	2.59808
93	3.5	2.59808
94	4.5	2.59808
95	5.5	2.59808
96	6.5	2.59808
97	7.5	2.59808
98	8.5	2.59808
99	9.5	2.59808
100	10.5	2.59808
101	11.5	2.59808
102	12.5	2.59808
103	13.5	2.59808
104	14.5	2.59808
105	15.5	2.59808
106	16.5	2.59808
107	17.5	2.59808
108	18.5	2.59808
109	19.5	2.59808
110	20.5	2.59808
111	21.5	2.59808
112	23.5	25.1147
113	23.5	2.59808
114	24.5	2.59808
115	25.5	2.59808
116	26.5	2.59808
117	27.5	2.59808
118	28.5	2.59808
119	29.5	2.59808
120	0	3.4641
121	1	3.4641
122	2	3.4641
123	3	3.4641
124	4	3.4641
125	5	3.4641
126	6	3.4641
127	7	3.4641
128	8	3.4641
129	9	3.4641
130	10	3.4641
131	11	3.4641
132	12	3.4641
133	13	3.4641
134	14	3.4641
135	15	3.4641
136	16	3.4641
137	21.5	25.1147
138	20.5	25.1147
139	19	3.4641
140	20	3.4641
141	21	3.4641
142	22	3.4641
143	19.5	25.1147
144	16.5	25.1147
145	25	3.4641
146	26	3.4641
147	27	3.4641
148	28	3.4641
149	29	3.4641
150	0.5	4.33013
151	1.5	4.33013
152	2.5	4.33013
153	3.5	4.33013
154	4.5	4.33013
155	5.5	4.33013
156	6.5	4.33013
157	7.5	4.33013
158	8.5	4.33013
159	9.5	4.33013
160	10.5	4.33013
161	11.5	4.33013
162	12.5	4.33013
163	13.5	4.33013
164	14.5	4.33013
165	15.5	4.33013
166	16.5	4.33013
167	17.5	4.33013
168	18.5	4.33013
169	19.5	4.33013
170	15.5	25.1147
171	21.5	4.33013
172	22.5	4.33013
173	14.5	25.1147
174	24.5	4.33013
175	25.5	4.33013
176	13.5	25.1147
177	12.5	25.1147
178	28.5	4.33013
179	29.5	4.33013
180	0	5.19615
181	1	5.19615
182	2	5.19615
183	3	5.19615
184	4	5.19615
185	5	5.19615
186	6	5.19615
187	7	5.19615
188	8	5.19615
189	9	5.19615
190	10	5.19615
191	11	5.19615
192	12	5.19615
193	13	5.19615
194	14	5.19615
195	15	5.19615
196	16	5.19615
197	17	5.19615
198	18	5.19615
199	19	5.19615
200	20	5.19615
201	21	5.19615
202	22	5.19615
203	23	5.19615
204	11.5	25.1147
205	25	5.19615
206	10.5	25.1147
207	8.5	25.1147
208	7.5	25.1147
209	29	5.19615
210	0.5	6.06218
211	1.5	6.06218
212	2.5	6.06218
213	3.5	6.06218
214	4.5	6.06218
215	5.5	6.06218
216	6.5	6.06218
217	7.5	6.06218
218	8.5	6.06218
219	9.5	6.06218
220	6.5	25.1147
221	11.5	6.06218
222	5.5	25.1147
223	13.5	6.06218
224	14.5	6.06218
225	4.5	25.1147
226	3.5	25.1147
227	17.5	6.06218
228	18.5	6.06218
229	19.5	6.06218
230	20.5	6.06218
231	21.5	6.06218
232	22.5	6.06218
233	23.5	6.06218
234	24.5	6.06218
235	25.5	6.06218
236	26.5	6.06218
237	2.5	25.1147
238	28.5	6.06218
239	29.5	6.06218
240	1.5	25.1147
241	0.5	25.1147
242	29	24.2487
243	3	6.9282
244	4	6.9282
245	5	6.9282
246	6	6.9282
247	7	6.9282
248	8	6.9282
249	9	6.9282
250	10	6.9282
251	11	6.9282
252	12	6.9282
253	13	6.9282
254	14	6.9282
255	28	24.2487
256	27	24.2487
257	26	24.2487
258	18	6.9282
259	25	24.2487
260	20	6.9282
261	21	6.9282
262	22	6.9282
263	23	6.9282
264	24	6.9282
265	25	6.9282
266	26	6.9282
267	23	24.2487
268	28	6.9282
269	29	6.9282
270	22	24.2487
271	21	24.2487
272	2.5	7.79423
273	3.5	7.79423
274	4.5	7.79423
275	5.5	7.79423
276	6.5	7.79423
277	7.5	7.79423
278	8.5	7.79423
279	9.5	7.79423
280	10.5	7.79423
281	20	24.2487
282	12.5	7.79423
283	17	24.2487
284	16	24.2487
285	15.5	7.79423
286	16.5	7.79423
287	17.5	7.79423
288	18.5	7.79423
289	19.5	7.79423
290	20.5	7.79423
291	21.5	7.79423
292	22.5	7.79423
293	15	24.2487
294	24.5	7.79423
295	25.5	7.79423
296	26.5	7.79423
297	27.5	7.79423
298	28.5	7.79423
299	29.5	7.79423
300	14	24.2487
301	11	24.2487
302	10	24.2487
303	3	8.66025
304	4	8.66025
305	5	8.66025
306	6	8.66025
307	7	8.66025
308	8	8.66025
309	9	8.66025
310	10	8.66025
311	9	24.2487
312	12	8.66025
313	13	8.66025
314	14	8.66025
315	15	8.66025
316	16	8.66025
317	17	8.66025
318	18	8.66025
319	19	8.66025
320	20	8.66025
321	21	8.66025
322	22	8.66025
323	23	8.66025
324	8	24.2487
325	7	24.2487
326	26	8.66025
327	27	8.66025
328	28	8.66025
329	29	8.66025
330	6	24.2487
331	1.5	9.52628
332	2.5	9.52628
333	3.5	9.52628
334	4.5	9.52628
335	5.5	9.52628
336	6.5	9.52628
337	7.5	9.52628
338	5	24.2487
339	9.5	9.52628
340	2	24.2487
341	11.5	9.52628
342	12.5	9.52628
343	13.5	9.52628
344	14.5	9.52628
345	15.5	9.52628
346	16.5	9.52628
347	17.5	9.52628
348	18.5	9.52628
349	19.5	9.52628
350	20.5	9.52628
351	1	24.2487
352	22.5	9.52628
353	23.5	9.52628
354	24.5	9.52628
355	25.5	9.52628
356	26.5	9.52628
357	27.5	9.52628
358	28.5	9.52628
359	29.5	9.52628
360	0	10.3923
361	1	10.3923
362	2	10.3923
363	3	10.3923
364	4	10.3923
365	5	10.3923
366	0	24.2487
367	7	10.3923
368	29.5	23.3827
369	9	10.3923
370	10	10.3923
371	11	10.3923
372	12	10.3923
373	13	10.3923
374	14	10.3923
375	28.5	23.3827
376	16	10.3923
377	17	10.3923
378	18	10.3923
379	19	10.3923
380	20	10.3923
381	27.5	23.3827
382	22	10.3923
383	23	10.3923
384	24	10.3923
385	25	10.3923
386	26	10.3923
387	27	10.3923
388	28	10.3923
389	29	10.3923
390	0.5	11.2583
391	1.5	11.2583
392	2.5	11.2583
393	3.5	11.2583
394	4.5	11.2583
395	5.5	11.2583
396	6.5	11.2583
397	7.5	11.2583
398	26.5	23.3827
399	9.5	11.2583
400	10.5	11.2583
401	25.5	23.3827
402	12.5	11.2583
403	24.5	23.3827
404	23.5	23.3827
405	22.5	23.3827
406	16.5	11.2583
407	17.5	11.2583
408	18.5	11.2583
409	19.5	11.2583
410	20.5	11.2583
411	21.5	11.2583
412	22.5	11.2583
413	23.5	11.2583
414	24.5	11.2583
415	25.5	11.2583
416	26.5	11.2583
417	27.5	11.2583
418	28.5	11.2583
419	29.5	11.2583
420	0	12.1244
421	1	12.1244
422	2	12.1244
423	3	12.1244
424	4	12.1244
425	5	12.1244
426	6	12.1244
427	7	12.1244
428	8	12.1244
429	9	12.1244
430	21.5	23.3827
431	11	12.1244
432	12	12.1244
433	13	12.1244
434	14	12.1244
435	20.5	23.3827
436	19.5	23.3827
437	17	12.1244
438	18	12.1244
439	19	12.1244
440	18.5	23.3827
441	21	12.1244
442	22	12.1244
443	23	12.1244
444	24	12.1244
445	25	12.1244
446	26	12.1244
447	27	12.1244
448	28	12.1244
449	29	12.1244
450	0.5	12.9904
451	1.5	12.9904
452	2.5	12.9904
453	3.5	12.9904
454	17.5	23.3827
455	5.5	12.9904
456	6.5	12.9904
457	7.5	12.9904
458	8.5	12.9904
459	16.5	23.3827
460	10.5	12.9904
461	11.5	12.9904
462	12.5	12.9904
463	13.5	12.9904
464	15.5	23.3827
465	14.5	23.3827
466	16.5	12.9904
467	17.5	12.9904
468	18.5	12.9904
469	19.5	12.9904
470	20.5	12.9904
471	21.5	12.9904
472	22.5	12.9904
473	23.5	12.9904
474	24.5	12.9904
475	25.5	12.9904
476	26.5	12.9904
477	27.5	12.9904
478	28.5	12.9904
479	29.5	12.9904
480	0	13.8564
481	1	13.8564
482	2	13.8564
483	3	13.8564
484	13.5	23.3827
485	12.5	23.3827
486	6	13.8564
487	11.5	23.3827
488	8	13.8564
489	10.5	23.3827
490	9.5	23.3827
491	11	13.8564
492	12	13.8564
493	13	13.8564
494	14	13.8564
495	8.5	23.3827
496	16	13.8564
497	17	13.8564
498	18	13.8564
499	19	13.8564
500	20	13.8564
501	21	13.8564
502	22	13.8564
503	23	13.8564
504	24	13.8564
505	7.5	23.3827
506	26	13.8564
507	27	13.8564
508	28	13.8564
509	29	13.8564
510	2.5	23.3827
511	1.5	14.7224
512	2.5	14.7224
513	3.5	14.7224
514	4.5	14.7224
515	5.5	14.7224
516	6.5	14.7224
517	7.5	14.7224
518	8.5	14.7224
519	1.5	23.3827
520	10.5	14.7224
521	11.5	14.7224
522	12.5	14.7224
523	13.5	14.7224
524	14.5	14.7224
525	15.5	14.7224
526	16.5	14.7224
527	17.5	14.7224
528	18.5	14.7224
529	19.5	14.7224
530	20.5	14.7224
531	21.5	14.7224
532	22.5	14.7224
533	23.5	14.7224
534	24.5	14.7224
535	0.5	23.3827
536	26.5	14.7224
537	27.5	14.7224
538	28.5	14.7224
539	29	22.5167
540	0	15.5885
541	1	15.5885
542	2	15.5885
543	3	15.5885
544	4	15.5885
545	5	15.5885
546	6	15.5885
547	7	15.5885
548	8	15.5885
549	9	15.5885
550	28	22.5167
551	11	15.5885
552	27	22.5167
553	26	22.5167
554	14	15.5885
555	15	15.5885
556	16	15.5885
557	17	15.5885
558	18	15.5885
559	23	22.5167
560	20	15.5885
561	21	15.5885
562	22	15.5885
563	23	15.5885
564	24	15.5885
565	25	15.5885
566	22	22.5167
567	27	15.5885
568	28	15.5885
569	29	15.5885
570	0.5	16.4545
571	21	22.5167
572	2.5	16.4545
573	3.5	16.4545
574	4.5	16.4545
575	5.5	16.4545
576	6.5	16.4545
577	7.5	16.4545
578	8.5	16.4545
579	9.5	16.4545
580	20	22.5167
581	11.5	16.4545
582	12.5	16.4545
583	13.5	16.4545
584	14.5	16.4545
585	19	22.5167
586	16.5	16.4545
587	17.5	16.4545
588	18.5	16.4545
589	19.5	16.4545
590	20.5	16.4545
591	21.5	16.4545
592	22.5	16.4545
593	23.5	16.4545
594	24.5	16.4545
595	25.5	16.4545
596	18	22.5167
597	27.5	16.4545
598	28.5	16.4545
599	29.5	16.4545
600	0	17.3205
601	1	17.3205
602	2	17.3205
603	17	22.5167
604	4	17.3205
605	5	17.3205
606	6	17.3205
607	7	17.3205
608	8	17.3205
609	9	17.3205
610	10	17.3205
611	11	17.3205
612	12	17.3205
613	13	17.3205
614	14	17.3205
615	15	17.3205
616	16	17.3205
617	17	17.3205
618	18	17.3205
619	19	17.3205
620	20	17.3205
621	21	17.3205
622	22	17.3205
623	23	17.3205
624	24	17.3205
625	16	22.5167
626	26	17.3205
627	27	17.3205
628	15	22.5167
629	29	17.3205
630	0.5	18.1865
631	1.5	18.1865
632	2.5	18.1865
633	3.5	18.1865
634	4.5	18.1865
635	5.5	18.1865
636	6.5	18.1865
637	7.5	18.1865
638	14	22.5167
639	9.5	18.1865
640	10.5	18.1865
641	11.5	18.1865
642	13	22.5167
643	13.5	18.1865
644	12	22.5167
645	15.5	18.1865
646	16.5	18.1865
647	17.5	18.1865
648	18.5	18.1865
649	19.5	18.1865
650	20.5	18.1865
651	21.5	18.1865
652	22.5	18.1865
653	23.5	18.1865
654	24.5	18.1865
655	25.5	18.1865
656	26.5	18.1865
657	27.5	18.1865
658	11	22.5167
659	29.5	18.1865
660	0	19.0526
661	1	19.0526
662	2	19.0526
663	3	19.0526
664	4	19.0526
665	5	19.0526
666	6	19.0526
667	7	19.0526
668	8	19.0526
669	9	19.0526
670	10	19.0526
671	11	19.0526
672	12	19.0526
673	13	19.0526
674	14	19.0526
675	15	19.0526
676	16	19.0526
677	17	19.0526
678	18	19.0526
679	19	19.0526
680	20	19.0526
681	21	19.0526
682	10	22.5167
683	23	19.0526
684	24	19.0526
685	25	19.0526
686	26	19.0526
687	27	19.0526
688	28	19.0526
689	9	22.5167
690	0.5	19.9186
691	1.5	19.9186
692	2.5	19.9186
693	3.5	19.9186
694	4.5	19.9186
695	5.5	19.9186
696	6.5	19.9186
697	7.5	19.9186
698	8.5	19.9186
699	9.5	19.9186
700	10.5	19.9186
701	11.5	19.9186
702	12.5	19.9186
703	13.5	19.9186
704	14.5	19.9186
705	15.5	19.9186
706	16.5	19.9186
707	17.5	19.9186
708	18.5	19.9186
709	8	22.5167
710	20.5	19.9186
711	21.5	19.9186
712	22.5	19.9186
713	23.5	19.9186
714	24.5	19.9186
715	25.5	19.9186
716	26.5	19.9186
717	27.5	19.9186
718	28.5	19.9186
719	7	22.5167
720	0	20.7846
721	6	22.5167
722	2	20.7846
723	3	20.7846
724	5	22.5167
725	3	22.5167
726	6	20.7846
727	7	20.7846
728	8	20.7846
729	9	20.7846
730	10	20.7846
731	2	22.5167
732	12	20.7846
733	13	20.7846
734	14	20.7846
735	15	20.7846
736	16	20.7846
737	17	20.7846
738	18	20.7846
739	19	20.7846
740	1	22.5167
741	21	20.7846
742	22	20.7846
743	23	20.7846
744	24	20.7846
745	25	20.7846
746	26	20.7846
747	27	20.7846
748	28	20.7846
749	29	20.7846
750	0.5	21.6506
751	1.5	21.6506
752	2.5	21.6506
753	3.5	21.6506
754	0	22.5167
755	5.5	21.6506
756	6.5	21.6506
757	7.5	21.6506
758	8.5	21.6506
759	9.5	21.6506
760	10.5	21.6506
761	11.5	21.6506
762	12.5	21.6506
763	29.5	21.6506
764	28.5	21.6506
765	15.5	21.6506
766	16.5	21.6506
767	17.5	21.6506
768	18.5	21.6506
769	19.5	21.6506
770	20.5	21.6506
771	21.5	21.6506
772	22.5	21.6506
773	23.5	21.6506
774	24.5	21.6506
775	25.5	21.6506
776	26.5	21.6506
0	1	0	0	1
0	59	-1	0	1
0	30	0	0	1
1	30	0	0	1
1	241	0	-1	1
1	31	0	0	1
2	3	0	0	1
2	237	0	-1	1
3	32	0	0	1
3	226	0	-1	1
4	5	0	0	1
4	33	0	0	1
5	222	0	-1	1
5	35	0	0	1
6	220	0	-1	1
6	7	0	0	1
7	37	0	0	1
7	8	0	0	1
7	208	0	-1	1
8	208	0	-1	1
8	9	0	0	1
8	38	0	0	1
9	38	0	0	1
9	10	0	0	1
9	39	0	0	1
10	39	0	0	1
10	40	0	0	1
10	206	0	-1	1
11	41	0	0	1
11	40	0	0	1
11	206	0	-1	1
11	204	0	-1	1
12	42	0	0	1
12	41	0	0	1
12	204	0	-1	1
12	177	0	-1	1
13	177	0	-1	1
13	42	0	0	1
13	43	0	0	1
14	176	0	-1	1
14	43	0	0	1
14	15	0	0	1
15	44	0	0	1
15	173	0	-1	1
15	45	0	0	1
16	144	0	-1	1
16	46	0	0	1
16	17	0	0	1
17	46	0	0	1
17	18	0	0	1
17	47	0	0	1
17	144	0	-1	1
18	48	0	0	1
18	19	0	0	1
19	143	0	-1	1
20	50	0	0	1
20	49	0	0	1
20	21	0	0	1
20	138	0	-1	1
21	137	0	-1	1
22	366	1	0	1
22	29	0	0	1
23	53	0	0	1
23	52	0	0	1
23	24	0	0	1
24	112	0	-1	1
25	68	0	-1	1
25	55	0	0	1
25	26	0	0	1
26	55	0	0	1
26	56	0	0	1
26	54	0	-1	1
26	58	0	-1	1
27	57	0	0	1
27	56	0	0	1
27	36	0	-1	1
28	36	0	-1	1
28	29	0	-1	1
29	36	0	0	1
29	242	0	0	1
29	255	0	0	1
30	31	0	0	1
31	32	0	0	1
31	61	0	0	1
32	63	0	0	1
33	64	0	0	1
33	34	0	0	1
33	63	0	0	1
34	35	0	0	1
34	64	0	0	1
34	65	0	0	1
35	66	0	0	1
36	255	0	0	1
37	38	0	0	1
38	39	0	0	1
38	69	0	0	1
39	40	0	0	1
39	69	0	0	1
39	70	0	0	1
41	72	0	0	1
41	42	0	0	1
41	71	0	0	1
42	72	0	0	1
43	74	0	0	1
43	73	0	0	1
44	74	0	0	1
44	45	0	0	1
44	75	0	0	1
45	46	0	0	1
45	75	0	0	1
46	47	0	0	1
46	77	0	0	1
47	48	0	0	1
48	78	0	0	1
49	79	0	0	1
49	50	0	0	1
49	80	0	0	1
50	51	0	0	1
50	81	0	0	1
50	80	0	0	1
51	52	0	0	1
51	82	0	0	1
51	81	0	0	1
52	53	0	0	1
52	83	0	0	1
52	82	0	0	1
53	83	0	0	1
54	58	0	0	1
54	257	0	0	1
55	56	0	0	1
56	87	0	0	1
57	87	0	0	1
58	259	0	0	1
59	60	1	0	1
59	89	0	0	1
60	89	-1	0	1
61	91	0	0	1
61	62	0	0	1
62	91	0	0	1
62	63	0	0	1
63	92	0	0	1
63	93	0	0	1
64	94	0	0	1
64	93	0	0	1
64	65	0	0	1
65	94	0	0	1
66	96	0	0	1
67	97	0	0	1
67	96	0	0	1
68	112	0	0	1
69	98	0	0	1
69	99	0	0	1
70	99	0	0	1
70	100	0	0	1
71	101	0	0	1
72	102	0	0	1
72	101	0	0	1
73	103	0	0	1
74	104	0	0	1
74	75	0	0	1
75	105	0	0	1
75	76	0	0	1
76	106	0	0	1
77	107	0	0	1
77	78	0	0	1
78	107	0	0	1
78	79	0	0	1
79	109	0	0	1
80	109	0	0	1
80	81	0	0	1
81	110	0	0	1
81	82	0	0	1
81	111	0	0	1
82	111	0	0	1
82	83	0	0	1
83	113	0	0	1
83	84	0	0	1
84	85	0	0	1
85	114	0	0	1
85	86	0	0	1
85	115	0	0	1
86	116	0	0	1
87	116	0	0	1
88	118	0	0	1
88	117	0	0	1
89	119	0	0	1
90	91	0	0	1
90	119	-1	0	1
92	93	0	0	1
93	94	0	0	1
93	124	0	0	1
94	95	0	0	1
95	96	0	0	1
95	126	0	0	1
95	125	0	0	1
96	97	0	0	1
97	98	0	0	1
97	128	0	0	1
98	99	0	0	1
98	129	0	0	1
98	128	0	0	1
99	130	0	0	1
100	130	0	0	1
100	101	0	0	1
100	131	0	0	1
101	102	0	0	1
101	131	0	0	1
103	104	0	0	1
104	135	0	0	1
104	134	0	0	1
105	136	0	0	1
105	106	0	0	1
105	135	0	0	1
106	136	0	0	1
107	108	0	0	1
108	109	0	0	1
108	139	0	0	1
109	140	0	0	1
109	139	0	0	1
110	140	0	0	1
111	142	0	0	1
111	141	0	0	1
112	267	0	0	1
113	114	0	0	1
114	115	0	0	1
114	145	0	0	1
115	145	0	0	1
116	147	0	0	1
116	117	0	0	1
117	118	0	0	1
119	120	1	0	1
119	149	0	0	1
120	121	0	0	1
120	179	-1	0	1
121	150	0	0	1
121	122	0	0	1
122	123	0	0	1
123	152	0	0	1
124	153	0	0	1
124	125	0	0	1
125	154	0	0	1
125	155	0	0	1
126	155	0	0	1
126	127	0	0	1
126	156	0	0	1
127	156	0	0	1
127	128	0	0	1
127	157	0	0	1
129	159	0	0	1
129	158	0	0	1
130	160	0	0	1
130	159	0	0	1
130	131	0	0	1
131	161	0	0	1
131	132	0	0	1
132	161	0	0	1
132	162	0	0	1
133	163	0	0	1
133	162	0	0	1
133	134	0	0	1
134	163	0	0	1
134	135	0	0	1
134	164	0	0	1
135	164	0	0	1
135	136	0	0	1
136	166	0	0	1
137	271	0	0	1
138	143	0	0	1
138	281	0	0	1
140	169	0	0	1
141	142	0	0	1
142	172	0	0	1
144	283	0	0	1
145	174	0	0	1
146	147	0	0	1
146	175	0	0	1
147	148	0	0	1
148	178	0	0	1
148	149	0	0	1
149	178	0	0	1
150	151	0	0	1
151	181	0	0	1
151	182	0	0	1
152	182	0	0	1
152	153	0	0	1
153	184	0	0	1
154	185	0	0	1
154	155	0	0	1
156	186	0	0	1
157	188	0	0	1
157	158	0	0	1
158	159	0	0	1
158	189	0	0	1
159	160	0	0	1
159	190	0	0	1
160	190	0	0	1
161	191	0	0	1
162	193	0	0	1
162	192	0	0	1
163	193	0	0	1
163	164	0	0	1
164	165	0	0	1
164	194	0	0	1
165	196	0	0	1
165	195	0	0	1
166	196	0	0	1
166	167	0	0	1
167	168	0	0	1
167	197	0	0	1
167	198	0	0	1
168	169	0	0	1
168	198	0	0	1
169	199	0	0	1
170	284	0	0	1
170	293	0	0	1
171	201	0	0	1
171	172	0	0	1
171	202	0	0	1
172	202	0	0	1
173	176	0	0	1
173	300	0	0	1
174	175	0	0	1
175	205	0	0	1
176	177	0	0	1
177	204	0	0	1
178	209	0	0	1
178	179	0	0	1
180	181	0	0	1
180	209	-1	0	1
180	210	0	0	1
181	182	0	0	1
182	212	0	0	1
182	183	0	0	1
183	212	0	0	1
184	214	0	0	1
185	215	0	0	1
185	214	0	0	1
186	215	0	0	1
187	188	0	0	1
187	217	0	0	1
188	217	0	0	1
188	189	0	0	1
188	218	0	0	1
189	218	0	0	1
189	190	0	0	1
189	219	0	0	1
190	219	0	0	1
191	192	0	0	1
192	221	0	0	1
194	224	0	0	1
194	195	0	0	1
195	196	0	0	1
197	227	0	0	1
197	198	0	0	1
198	199	0	0	1
199	228	0	0	1
199	200	0	0	1
199	229	0	0	1
200	230	0	0	1
201	202	0	0	1
202	231	0	0	1
202	203	0	0	1
203	232	0	0	1
203	233	0	0	1
204	301	0	0	1
205	235	0	0	1
206	301	0	0	1
207	208	0	0	1
207	311	0	0	1
208	220	0	0	1
208	324	0	0	1
208	325	0	0	1
209	239	0	0	1
209	238	0	0	1
210	211	0	0	1
211	212	0	0	1
212	243	0	0	1
213	243	0	0	1
213	244	0	0	1
214	245	0	0	1
214	215	0	0	1
214	244	0	0	1
215	216	0	0	1
216	247	0	0	1
217	247	0	0	1
217	218	0	0	1
219	250	0	0	1
220	330	0	0	1
220	325	0	0	1
221	252	0	0	1
222	225	0	0	1
222	338	0	0	1
222	330	0	0	1
223	254	0	0	1
223	224	0	0	1
225	226	0	0	1
226	237	0	0	1
227	258	0	0	1
228	258	0	0	1
228	229	0	0	1
230	260	0	0	1
230	261	0	0	1
231	261	0	0	1
231	232	0	0	1
231	262	0	0	1
233	263	0	0	1
233	264	0	0	1
234	264	0	0	1
234	235	0	0	1
234	265	0	0	1
235	236	0	0	1
236	266	0	0	1
237	340	0	0	1
238	268	0	0	1
238	239	0	0	1
238	269	0	0	1
239	269	0	0	1
240	241	0	0	1
240	351	0	0	1
241	366	0	0	1
242	375	0	0	1
243	273	0	0	1
243	272	0	0	1
243	244	0	0	1
244	274	0	0	1
244	245	0	0	1
246	247	0	0	1
246	275	0	0	1
247	276	0	0	1
247	248	0	0	1
247	277	0	0	1
248	277	0	0	1
248	278	0	0	1
249	250	0	0	1
249	278	0	0	1
250	251	0	0	1
251	280	0	0	1
252	253	0	0	1
253	282	0	0	1
253	254	0	0	1
255	381	0	0	1
256	398	0	0	1
256	381	0	0	1
257	259	0	0	1
257	398	0	0	1
259	403	0	0	1
259	401	0	0	1
260	289	0	0	1
260	290	0	0	1
261	291	0	0	1
261	290	0	0	1
261	262	0	0	1
262	291	0	0	1
262	263	0	0	1
262	292	0	0	1
264	294	0	0	1
265	294	0	0	1
265	266	0	0	1
265	295	0	0	1
266	295	0	0	1
266	296	0	0	1
267	270	0	0	1
267	404	0	0	1
268	298	0	0	1
268	297	0	0	1
268	269	0	0	1
269	298	0	0	1
269	299	0	0	1
270	430	0	0	1
271	281	0	0	1
271	435	0	0	1
271	430	0	0	1
272	273	0	0	1
273	303	0	0	1
273	304	0	0	1
274	275	0	0	1
274	305	0	0	1
275	276	0	0	1
277	308	0	0	1
277	278	0	0	1
277	307	0	0	1
278	309	0	0	1
278	308	0	0	1
279	309	0	0	1
279	310	0	0	1
280	310	0	0	1
282	312	0	0	1
282	313	0	0	1
283	284	0	0	1
283	459	0	0	1
285	316	0	0	1
285	286	0	0	1
286	287	0	0	1
286	316	0	0	1
286	317	0	0	1
287	288	0	0	1
287	317	0	0	1
287	318	0	0	1
288	319	0	0	1
288	318	0	0	1
289	319	0	0	1
289	290	0	0	1
290	291	0	0	1
290	320	0	0	1
290	321	0	0	1
291	322	0	0	1
292	323	0	0	1
292	322	0	0	1
293	465	0	0	1
295	326	0	0	1
296	326	0	0	1
296	297	0	0	1
297	327	0	0	1
299	329	0	0	1
300	484	0	0	1
301	302	0	0	1
301	487	0	0	1
302	311	0	0	1
302	490	0	0	1
303	333	0	0	1
303	332	0	0	1
304	334	0	0	1
305	334	0	0	1
306	336	0	0	1
306	335	0	0	1
306	307	0	0	1
307	337	0	0	1
307	308	0	0	1
308	337	0	0	1
309	339	0	0	1
309	310	0	0	1
310	339	0	0	1
311	490	0	0	1
312	313	0	0	1
313	342	0	0	1
313	314	0	0	1
313	343	0	0	1
314	315	0	0	1
315	344	0	0	1
315	316	0	0	1
315	345	0	0	1
316	345	0	0	1
316	317	0	0	1
316	346	0	0	1
317	346	0	0	1
317	318	0	0	1
318	347	0	0	1
319	349	0	0	1
319	348	0	0	1
319	320	0	0	1
320	350	0	0	1
320	321	0	0	1
321	322	0	0	1
322	352	0	0	1
323	353	0	0	1
324	495	0	0	1
324	505	0	0	1
325	330	0	0	1
325	505	0	0	1
326	356	0	0	1
326	355	0	0	1
326	327	0	0	1
327	328	0	0	1
328	357	0	0	1
328	358	0	0	1
329	359	0	0	1
330	338	0	0	1
331	361	0	0	1
331	332	0	0	1
331	362	0	0	1
332	363	0	0	1
333	334	0	0	1
333	364	0	0	1
334	335	0	0	1
335	336	0	0	1
335	365	0	0	1
336	367	0	0	1
339	369	0	0	1
340	510	0	0	1
341	371	0	0	1
341	372	0	0	1
342	373	0	0	1
342	343	0	0	1
343	374	0	0	1
343	373	0	0	1
344	374	0	0	1
344	345	0	0	1
345	346	0	0	1
345	376	0	0	1
346	377	0	0	1
346	376	0	0	1
347	378	0	0	1
347	377	0	0	1
348	349	0	0	1
349	350	0	0	1
349	380	0	0	1
349	379	0	0	1
350	380	0	0	1
351	366	0	0	1
351	535	0	0	1
351	519	0	0	1
352	382	0	0	1
352	353	0	0	1
352	383	0	0	1
353	354	0	0	1
353	384	0	0	1
353	383	0	0	1
354	385	0	0	1
354	384	0	0	1
355	385	0	0	1
355	356	0	0	1
356	357	0	0	1
357	388	0	0	1
358	389	0	0	1
358	388	0	0	1
359	360	1	0	1
359	389	0	0	1
360	419	-1	0	1
360	389	-1	0	1
360	390	0	0	1
361	390	0	0	1
362	391	0	0	1
362	363	0	0	1
363	393	0	0	1
364	393	0	0	1
364	394	0	0	1
365	395	0	0	1
366	535	0	0	1
367	396	0	0	1
368	754	1	0	1
368	375	0	0	1
369	399	0	0	1
370	400	0	0	1
370	399	0	0	1
370	371	0	0	1
371	400	0	0	1
372	402	0	0	1
373	374	0	0	1
375	539	0	0	1
375	550	0	0	1
376	377	0	0	1
377	406	0	0	1
377	378	0	0	1
377	407	0	0	1
378	407	0	0	1
378	408	0	0	1
379	409	0	0	1
380	410	0	0	1
381	550	0	0	1
381	552	0	0	1
382	412	0	0	1
382	411	0	0	1
382	383	0	0	1
383	413	0	0	1
384	414	0	0	1
384	413	0	0	1
384	385	0	0	1
385	414	0	0	1
386	416	0	0	1
386	415	0	0	1
386	387	0	0	1
387	416	0	0	1
387	417	0	0	1
388	418	0	0	1
389	419	0	0	1
389	418	0	0	1
390	391	0	0	1
390	420	0	0	1
390	421	0	0	1
391	392	0	0	1
392	423	0	0	1
393	424	0	0	1
394	424	0	0	1
394	425	0	0	1
395	425	0	0	1
395	396	0	0	1
396	397	0	0	1
397	428	0	0	1
397	427	0	0	1
398	401	0	0	1
398	552	0	0	1
399	429	0	0	1
400	431	0	0	1
402	432	0	0	1
403	404	0	0	1
404	405	0	0	1
404	559	0	0	1
405	566	0	0	1
406	407	0	0	1
408	439	0	0	1
408	438	0	0	1
409	439	0	0	1
410	441	0	0	1
411	441	0	0	1
412	443	0	0	1
412	413	0	0	1
412	442	0	0	1
413	414	0	0	1
413	444	0	0	1
415	416	0	0	1
416	417	0	0	1
416	447	0	0	1
417	418	0	0	1
418	419	0	0	1
418	448	0	0	1
420	421	0	0	1
421	451	0	0	1
422	452	0	0	1
422	451	0	0	1
422	423	0	0	1
423	452	0	0	1
423	453	0	0	1
424	453	0	0	1
425	455	0	0	1
425	426	0	0	1
426	427	0	0	1
427	457	0	0	1
427	428	0	0	1
428	457	0	0	1
428	429	0	0	1
428	458	0	0	1
429	458	0	0	1
430	566	0	0	1
430	571	0	0	1
431	461	0	0	1
432	462	0	0	1
432	461	0	0	1
432	433	0	0	1
433	462	0	0	1
433	434	0	0	1
433	463	0	0	1
434	463	0	0	1
435	580	0	0	1
436	440	0	0	1
436	585	0	0	1
436	580	0	0	1
437	438	0	0	1
437	467	0	0	1
438	468	0	0	1
438	439	0	0	1
439	468	0	0	1
440	454	0	0	1
440	585	0	0	1
441	470	0	0	1
441	471	0	0	1
442	472	0	0	1
442	443	0	0	1
443	473	0	0	1
443	444	0	0	1
444	473	0	0	1
445	446	0	0	1
445	474	0	0	1
446	475	0	0	1
446	476	0	0	1
447	448	0	0	1
448	478	0	0	1
448	449	0	0	1
449	478	0	0	1
449	479	0	0	1
450	451	0	0	1
450	479	-1	0	1
450	481	0	0	1
450	480	0	0	1
451	452	0	0	1
451	481	0	0	1
451	482	0	0	1
452	453	0	0	1
452	482	0	0	1
453	483	0	0	1
454	596	0	0	1
455	456	0	0	1
455	486	0	0	1
456	457	0	0	1
457	458	0	0	1
459	625	0	0	1
459	603	0	0	1
460	491	0	0	1
460	461	0	0	1
461	492	0	0	1
461	491	0	0	1
463	494	0	0	1
464	465	0	0	1
464	628	0	0	1
465	628	0	0	1
465	638	0	0	1
466	497	0	0	1
466	496	0	0	1
467	497	0	0	1
468	499	0	0	1
468	469	0	0	1
468	498	0	0	1
469	500	0	0	1
470	501	0	0	1
471	472	0	0	1
471	502	0	0	1
472	473	0	0	1
473	504	0	0	1
474	504	0	0	1
475	506	0	0	1
476	507	0	0	1
476	477	0	0	1
477	508	0	0	1
477	507	0	0	1
478	508	0	0	1
478	479	0	0	1
479	509	0	0	1
480	481	0	0	1
481	482	0	0	1
482	512	0	0	1
483	513	0	0	1
484	638	0	0	1
485	487	0	0	1
485	642	0	0	1
486	515	0	0	1
487	489	0	0	1
487	658	0	0	1
488	518	0	0	1
488	517	0	0	1
489	490	0	0	1
489	682	0	0	1
490	495	0	0	1
490	689	0	0	1
491	520	0	0	1
491	521	0	0	1
492	522	0	0	1
493	523	0	0	1
493	522	0	0	1
494	523	0	0	1
495	505	0	0	1
495	689	0	0	1
496	526	0	0	1
496	525	0	0	1
497	527	0	0	1
498	528	0	0	1
498	499	0	0	1
499	528	0	0	1
499	500	0	0	1
499	529	0	0	1
500	529	0	0	1
500	501	0	0	1
501	530	0	0	1
501	531	0	0	1
502	532	0	0	1
502	503	0	0	1
503	533	0	0	1
504	534	0	0	1
506	536	0	0	1
507	537	0	0	1
507	536	0	0	1
507	508	0	0	1
508	509	0	0	1
510	731	0	0	1
510	725	0	0	1
511	541	0	0	1
511	512	0	0	1
511	542	0	0	1
512	543	0	0	1
512	542	0	0	1
513	543	0	0	1
514	545	0	0	1
514	544	0	0	1
515	545	0	0	1
515	516	0	0	1
516	547	0	0	1
516	546	0	0	1
517	548	0	0	1
517	518	0	0	1
519	740	0	0	1
520	521	0	0	1
521	551	0	0	1
522	523	0	0	1
524	555	0	0	1
524	554	0	0	1
525	556	0	0	1
526	556	0	0	1
526	527	0	0	1
527	557	0	0	1
528	529	0	0	1
530	561	0	0	1
530	531	0	0	1
530	560	0	0	1
531	561	0	0	1
532	562	0	0	1
532	533	0	0	1
534	565	0	0	1
534	564	0	0	1
535	754	0	0	1
536	537	0	0	1
538	568	0	0	1
538	569	0	0	1
539	763	0	0	1
539	754	1	0	1
540	541	0	0	1
540	569	-1	0	1
540	599	-1	0	1
540	570	0	0	1
542	572	0	0	1
543	573	0	0	1
544	574	0	0	1
544	545	0	0	1
545	575	0	0	1
545	546	0	0	1
546	576	0	0	1
547	577	0	0	1
547	576	0	0	1
547	548	0	0	1
548	577	0	0	1
548	549	0	0	1
548	578	0	0	1
549	579	0	0	1
550	764	0	0	1
551	581	0	0	1
552	553	0	0	1
552	776	0	0	1
553	776	0	0	1
554	583	0	0	1
555	584	0	0	1
556	586	0	0	1
557	587	0	0	1
557	558	0	0	1
558	587	0	0	1
558	588	0	0	1
559	772	0	0	1
560	589	0	0	1
560	561	0	0	1
561	562	0	0	1
562	591	0	0	1
562	592	0	0	1
563	564	0	0	1
563	593	0	0	1
564	594	0	0	1
564	565	0	0	1
565	595	0	0	1
566	571	0	0	1
566	772	0	0	1
566	771	0	0	1
567	597	0	0	1
567	568	0	0	1
568	598	0	0	1
570	599	-1	0	1
571	580	0	0	1
571	771	0	0	1
572	602	0	0	1
573	604	0	0	1
574	575	0	0	1
575	576	0	0	1
575	606	0	0	1
576	577	0	0	1
576	607	0	0	1
577	578	0	0	1
577	607	0	0	1
578	579	0	0	1
578	609	0	0	1
578	608	0	0	1
579	609	0	0	1
579	610	0	0	1
580	769	0	0	1
581	582	0	0	1
582	612	0	0	1
583	613	0	0	1
583	584	0	0	1
584	615	0	0	1
585	596	0	0	1
585	769	0	0	1
586	617	0	0	1
588	619	0	0	1
588	589	0	0	1
588	618	0	0	1
589	590	0	0	1
590	591	0	0	1
590	621	0	0	1
591	622	0	0	1
592	622	0	0	1
593	594	0	0	1
594	624	0	0	1
595	626	0	0	1
596	603	0	0	1
597	598	0	0	1
598	599	0	0	1
598	629	0	0	1
599	600	1	0	1
599	629	0	0	1
600	659	-1	0	1
601	631	0	0	1
601	630	0	0	1
602	631	0	0	1
602	632	0	0	1
603	625	0	0	1
603	767	0	0	1
603	766	0	0	1
604	605	0	0	1
605	606	0	0	1
606	635	0	0	1
606	607	0	0	1
606	636	0	0	1
607	637	0	0	1
608	609	0	0	1
609	610	0	0	1
610	611	0	0	1
611	640	0	0	1
612	641	0	0	1
612	613	0	0	1
613	643	0	0	1
613	614	0	0	1
614	615	0	0	1
615	645	0	0	1
616	646	0	0	1
616	645	0	0	1
617	646	0	0	1
617	618	0	0	1
618	647	0	0	1
618	648	0	0	1
619	648	0	0	1
619	620	0	0	1
620	650	0	0	1
620	621	0	0	1
621	650	0	0	1
621	622	0	0	1
621	651	0	0	1
622	652	0	0	1
622	623	0	0	1
623	653	0	0	1
623	624	0	0	1
624	653	0	0	1
625	765	0	0	1
625	766	0	0	1
626	655	0	0	1
626	627	0	0	1
627	657	0	0	1
628	638	0	0	1
628	765	0	0	1
629	659	0	0	1
630	631	0	0	1
630	661	0	0	1
631	632	0	0	1
632	633	0	0	1
632	663	0	0	1
632	662	0	0	1
633	663	0	0	1
634	664	0	0	1
634	635	0	0	1
635	636	0	0	1
635	666	0	0	1
636	666	0	0	1
637	667	0	0	1
638	642	0	0	1
639	670	0	0	1
639	640	0	0	1
640	671	0	0	1
641	671	0	0	1
642	644	0	0	1
642	762	0	0	1
643	674	0	0	1
644	658	0	0	1
644	762	0	0	1
645	646	0	0	1
646	677	0	0	1
646	676	0	0	1
647	678	0	0	1
647	648	0	0	1
647	677	0	0	1
648	649	0	0	1
648	678	0	0	1
649	679	0	0	1
650	681	0	0	1
650	651	0	0	1
650	680	0	0	1
651	652	0	0	1
651	681	0	0	1
653	684	0	0	1
653	654	0	0	1
654	655	0	0	1
654	685	0	0	1
655	656	0	0	1
655	686	0	0	1
656	657	0	0	1
656	686	0	0	1
657	687	0	0	1
658	682	0	0	1
658	761	0	0	1
658	760	0	0	1
660	661	0	0	1
660	690	0	0	1
661	690	0	0	1
662	692	0	0	1
664	694	0	0	1
664	693	0	0	1
665	695	0	0	1
665	694	0	0	1
665	666	0	0	1
666	695	0	0	1
666	696	0	0	1
667	668	0	0	1
668	698	0	0	1
668	669	0	0	1
669	698	0	0	1
669	699	0	0	1
670	700	0	0	1
671	700	0	0	1
671	701	0	0	1
672	673	0	0	1
672	701	0	0	1
673	702	0	0	1
674	703	0	0	1
674	675	0	0	1
675	704	0	0	1
675	676	0	0	1
676	706	0	0	1
677	678	0	0	1
678	707	0	0	1
678	679	0	0	1
678	708	0	0	1
679	680	0	0	1
680	710	0	0	1
681	710	0	0	1
682	689	0	0	1
682	760	0	0	1
682	759	0	0	1
683	713	0	0	1
683	712	0	0	1
684	713	0	0	1
684	685	0	0	1
685	715	0	0	1
686	715	0	0	1
687	716	0	0	1
687	688	0	0	1
688	717	0	0	1
688	718	0	0	1
689	759	0	0	1
689	758	0	0	1
690	720	0	0	1
691	722	0	0	1
691	692	0	0	1
692	693	0	0	1
692	723	0	0	1
692	722	0	0	1
694	695	0	0	1
696	697	0	0	1
697	698	0	0	1
697	728	0	0	1
698	699	0	0	1
698	728	0	0	1
698	729	0	0	1
699	700	0	0	1
699	729	0	0	1
700	730	0	0	1
701	732	0	0	1
702	732	0	0	1
703	734	0	0	1
703	704	0	0	1
704	734	0	0	1
705	735	0	0	1
705	706	0	0	1
705	736	0	0	1
706	736	0	0	1
706	737	0	0	1
707	738	0	0	1
707	708	0	0	1
707	737	0	0	1
709	719	0	0	1
709	757	0	0	1
710	741	0	0	1
710	711	0	0	1
711	742	0	0	1
712	742	0	0	1
712	713	0	0	1
714	745	0	0	1
714	744	0	0	1
715	746	0	0	1
715	716	0	0	1
715	745	0	0	1
716	717	0	0	1
716	746	0	0	1
717	718	0	0	1
717	748	0	0	1
718	748	0	0	1
719	721	0	0	1
719	756	0	0	1
720	749	-1	0	1
721	724	0	0	1
721	755	0	0	1
723	753	0	0	1
724	755	0	0	1
725	731	0	0	1
725	752	0	0	1
725	753	0	0	1
726	727	0	0	1
726	755	0	0	1
727	757	0	0	1
727	728	0	0	1
728	729	0	0	1
729	759	0	0	1
730	759	0	0	1
731	740	0	0	1
731	751	0	0	1
732	762	0	0	1
733	734	0	0	1
733	762	0	0	1
734	735	0	0	1
735	765	0	0	1
736	766	0	0	1
736	765	0	0	1
736	737	0	0	1
737	766	0	0	1
737	738	0	0	1
738	767	0	0	1
738	739	0	0	1
738	768	0	0	1
739	768	0	0	1
740	751	0	0	1
741	770	0	0	1
742	772	0	0	1
742	743	0	0	1
743	772	0	0	1
743	773	0	0	1
744	773	0	0	1
745	775	0	0	1
745	746	0	0	1
746	775	0	0	1
746	747	0	0	1
747	776	0	0	1
748	764	0	0	1
748	749	0	0	1
750	751	0	0	1
750	754	0	0	1
751	752	0	0	1
752	753	0	0	1
755	756	0	0	1
756	757	0	0	1
757	758	0	0	1
758	759	0	0	1
759	760	0	0	1
761	762	0	0	1
763	764	0	0	1
766	767	0	0	1
767	768	0	0	1
768	769	0	0	1
769	770	0	0	1
770	771	0	0	1
771	772	0	0	1
772	773	0	0	1
773	774	0	0	1
774	775	0	0	1
1	241	0	-1	31	0	0	0
3	226	0	-1	32	0	0	0
7	6	0	0	8	0	0	0
8	7	0	0	9	0	0	0
8	208	0	-1	38	0	0	0
9	8	0	0	10	0	0	0
10	206	0	-1	39	0	0	0
11	204	0	-1	40	0	0	0
11	206	0	-1	41	0	0	0
12	177	0	-1	41	0	0	0
12	204	0	-1	42	0	0	0
13	177	0	-1	43	0	0	0
15	173	0	-1	45	0	0	0
17	16	0	0	18	0	0	0
17	144	0	-1	47	0	0	0
18	17	0	0	19	0	0	0
20	138	0	-1	49	0	0	0
25	68	0	-1	55	0	0	0
26	54	0	-1	55	0	0	0
26	58	0	-1	56	0	0	0
27	36	0	-1	56	0	0	0
29	36	0	0	22	0	0	0
29	242	0	0	28	0	1	0
31	30	0	0	32	0	0	0
33	4	0	0	63	0	0	0
34	33	0	0	35	0	0	0
35	5	0	0	66	0	0	0
36	255	0	0	27	0	1	0
38	37	0	0	39	0	0	0
38	8	0	0	69	0	0	0
39	38	0	0	40	0	0	0
39	9	0	0	70	0	0	0
39	10	0	0	69	0	0	0
41	12	0	0	71	0	0	0
41	11	0	0	72	0	0	0
42	13	0	0	72	0	0	0
43	14	0	0	73	0	0	0
43	13	0	0	74	0	0	0
44	15	0	0	74	0	0	0
45	44	0	0	46	0	0	0
46	45	0	0	47	0	0	0
46	16	0	0	77	0	0	0
47	46	0	0	48	0	0	0
49	20	0	0	79	0	0	0
50	49	0	0	51	0	0	0
50	20	0	0	81	0	0	0
51	50	0	0	52	0	0	0
52	51	0	0	53	0	0	0
52	23	0	0	82	0	0	0
56	26	0	0	87	0	0	0
58	259	0	0	26	0	1	0
59	0	1	0	89	0	0	0
62	61	0	0	63	0	0	0
63	33	0	0	92	0	0	0
63	32	0	0	93	0	0	0
64	34	0	0	93	0	0	0
64	33	0	0	94	0	0	0
66	35	0	0	96	0	0	0
69	39	0	0	98	0	0	0
69	38	0	0	99	0	0	0
70	39	0	0	100	0	0	0
72	42	0	0	101	0	0	0
72	41	0	0	102	0	0	0
74	43	0	0	104	0	0	0
75	74	0	0	76	0	0	0
75	44	0	0	105	0	0	0
77	46	0	0	107	0	0	0
78	77	0	0	79	0	0	0
78	48	0	0	107	0	0	0
80	50	0	0	109	0	0	0
81	80	0	0	82	0	0	0
81	50	0	0	111	0	0	0
81	51	0	0	110	0	0	0
82	81	0	0	83	0	0	0
82	52	0	0	111	0	0	0
83	82	0	0	84	0	0	0
83	52	0	0	113	0	0	0
84	83	0	0	85	0	0	0
85	84	0	0	86	0	0	0
87	57	0	0	116	0	0	0
90	119	-1	0	91	0	0	0
93	92	0	0	94	0	0	0
93	63	0	0	124	0	0	0
94	93	0	0	95	0	0	0
95	94	0	0	96	0	0	0
96	95	0	0	97	0	0	0
97	96	0	0	98	0	0	0
97	67	0	0	128	0	0	0
98	97	0	0	99	0	0	0
98	69	0	0	128	0	0	0
99	69	0	0	130	0	0	0
100	70	0	0	131	0	0	0
101	100	0	0	102	0	0	0
101	72	0	0	131	0	0	0
104	74	0	0	135	0	0	0
105	75	0	0	136	0	0	0
108	107	0	0	109	0	0	0
109	80	0	0	139	0	0	0
109	79	0	0	140	0	0	0
110	81	0	0	140	0	0	0
111	82	0	0	141	0	0	0
111	81	0	0	142	0	0	0
112	267	0	0	24	0	1	0
114	113	0	0	115	0	0	0
116	86	0	0	147	0	0	0
117	116	0	0	118	0	0	0
119	89	0	0	120	1	0	0
121	120	0	0	122	0	0	0
122	121	0	0	123	0	0	0
125	95	0	0	154	0	0	0
126	95	0	0	156	0	0	0
127	126	0	0	128	0	0	0
129	98	0	0	159	0	0	0
130	100	0	0	159	0	0	0
130	99	0	0	160	0	0	0
131	130	0	0	132	0	0	0
131	100	0	0	161	0	0	0
134	133	0	0	135	0	0	0
134	104	0	0	163	0	0	0
135	134	0	0	136	0	0	0
135	105	0	0	164	0	0	0
136	105	0	0	166	0	0	0
140	110	0	0	169	0	0	0
142	111	0	0	172	0	0	0
144	283	0	0	16	0	1	0
145	115	0	0	174	0	0	0
147	146	0	0	148	0	0	0
148	147	0	0	149	0	0	0
149	119	0	0	178	0	0	0
152	123	0	0	182	0	0	0
156	127	0	0	186	0	0	0
157	127	0	0	188	0	0	0
158	157	0	0	159	0	0	0
159	158	0	0	160	0	0	0
159	129	0	0	190	0	0	0
161	132	0	0	191	0	0	0
162	133	0	0	192	0	0	0
162	132	0	0	193	0	0	0
163	134	0	0	193	0	0	0
164	163	0	0	165	0	0	0
164	135	0	0	194	0	0	0
167	166	0	0	168	0	0	0
168	167	0	0	169	0	0	0
169	140	0	0	199	0	0	0
173	300	0	0	15	0	1	0
175	146	0	0	205	0	0	0
176	177	0	0	173	0	0	0
177	204	0	0	176	0	0	0
178	148	0	0	209	0	0	0
180	209	-1	0	181	0	0	0
181	180	0	0	182	0	0	0
182	181	0	0	183	0	0	0
182	151	0	0	212	0	0	0
184	153	0	0	214	0	0	0
185	154	0	0	215	0	0	0
186	156	0	0	215	0	0	0
188	187	0	0	189	0	0	0
188	157	0	0	218	0	0	0
189	188	0	0	190	0	0	0
189	158	0	0	219	0	0	0
190	160	0	0	219	0	0	0
192	162	0	0	221	0	0	0
195	194	0	0	196	0	0	0
198	197	0	0	199	0	0	0
199	198	0	0	200	0	0	0
199	169	0	0	228	0	0	0
202	201	0	0	203	0	0	0
202	172	0	0	231	0	0	0
204	301	0	0	12	0	1	0
206	301	0	0	10	0	1	0
208	220	0	0	207	0	0	0
208	325	0	0	8	0	1	0
208	324	0	0	7	0	1	0
209	178	0	0	239	0	0	0
211	210	0	0	212	0	0	0
212	182	0	0	243	0	0	0
214	185	0	0	244	0	0	0
214	184	0	0	245	0	0	0
215	214	0	0	216	0	0	0
217	188	0	0	247	0	0	0
219	189	0	0	250	0	0	0
220	325	0	0	6	0	1	0
222	330	0	0	5	0	1	0
225	226	0	0	222	0	0	0
226	237	0	0	225	0	0	0
227	197	0	0	258	0	0	0
228	199	0	0	258	0	0	0
230	200	0	0	261	0	0	0
231	202	0	0	261	0	0	0
233	203	0	0	264	0	0	0
235	234	0	0	236	0	0	0
238	209	0	0	268	0	0	0
241	366	0	0	1	0	1	0
243	213	0	0	272	0	0	0
243	212	0	0	273	0	0	0
244	243	0	0	245	0	0	0
244	213	0	0	274	0	0	0
247	246	0	0	248	0	0	0
247	216	0	0	277	0	0	0
247	217	0	0	276	0	0	0
250	249	0	0	251	0	0	0
253	252	0	0	254	0	0	0
255	381	0	0	29	0	0	0
259	403	0	0	58	0	0	0
260	230	0	0	289	0	0	0
261	231	0	0	290	0	0	0
261	230	0	0	291	0	0	0
262	261	0	0	263	0	0	0
262	231	0	0	292	0	0	0
264	233	0	0	294	0	0	0
265	234	0	0	295	0	0	0
266	236	0	0	295	0	0	0
268	238	0	0	297	0	0	0
269	239	0	0	298	0	0	0
269	238	0	0	299	0	0	0
271	435	0	0	137	0	0	0
273	243	0	0	304	0	0	0
274	244	0	0	305	0	0	0
275	274	0	0	276	0	0	0
277	248	0	0	307	0	0	0
277	247	0	0	308	0	0	0
278	249	0	0	308	0	0	0
278	248	0	0	309	0	0	0
280	251	0	0	310	0	0	0
282	253	0	0	312	0	0	0
286	285	0	0	287	0	0	0
287	286	0	0	288	0	0	0
289	260	0	0	319	0	0	0
290	289	0	0	291	0	0	0
290	260	0	0	321	0	0	0
290	261	0	0	320	0	0	0
291	261	0	0	322	0	0	0
292	262	0	0	323	0	0	0
293	465	0	0	170	0	0	0
295	265	0	0	326	0	0	0
297	268	0	0	327	0	0	0
300	484	0	0	173	0	0	0
301	487	0	0	206	0	0	0
302	311	0	0	301	0	0	0
303	273	0	0	332	0	0	0
304	273	0	0	334	0	0	0
307	306	0	0	308	0	0	0
308	278	0	0	337	0	0	0
309	278	0	0	339	0	0	0
310	280	0	0	339	0	0	0
311	490	0	0	207	0	0	0
313	312	0	0	314	0	0	0
313	282	0	0	343	0	0	0
314	313	0	0	315	0	0	0
315	314	0	0	316	0	0	0
316	315	0	0	317	0	0	0
316	285	0	0	346	0	0	0
316	286	0	0	345	0	0	0
317	316	0	0	318	0	0	0
317	287	0	0	346	0	0	0
318	288	0	0	347	0	0	0
319	289	0	0	348	0	0	0
319	288	0	0	349	0	0	0
320	319	0	0	321	0	0	0
321	320	0	0	322	0	0	0
322	291	0	0	352	0	0	0
323	292	0	0	353	0	0	0
324	495	0	0	208	0	0	0
325	505	0	0	220	0	0	0
326	296	0	0	355	0	0	0
326	295	0	0	356	0	0	0
327	326	0	0	328	0	0	0
330	338	0	0	325	0	0	0
333	303	0	0	364	0	0	0
334	333	0	0	335	0	0	0
335	334	0	0	336	0	0	0
335	306	0	0	365	0	0	0
336	306	0	0	367	0	0	0
339	310	0	0	369	0	0	0
343	313	0	0	374	0	0	0
344	315	0	0	374	0	0	0
345	344	0	0	346	0	0	0
345	315	0	0	376	0	0	0
346	317	0	0	376	0	0	0
346	316	0	0	377	0	0	0
347	318	0	0	377	0	0	0
349	348	0	0	350	0	0	0
349	319	0	0	380	0	0	0
351	535	0	0	240	0	0	0
352	322	0	0	383	0	0	0
353	352	0	0	354	0	0	0
353	323	0	0	384	0	0	0
355	326	0	0	385	0	0	0
356	355	0	0	357	0	0	0
358	328	0	0	389	0	0	0
359	329	0	0	360	1	0	0
360	359	-1	0	390	0	0	0
361	331	0	0	390	0	0	0
363	332	0	0	393	0	0	0
364	333	0	0	394	0	0	0
366	535	0	0	22	-1	0	0
371	341	0	0	400	0	0	0
372	341	0	0	402	0	0	0
375	550	0	0	242	0	0	0
377	376	0	0	378	0	0	0
377	346	0	0	407	0	0	0
377	347	0	0	406	0	0	0
378	347	0	0	408	0	0	0
380	349	0	0	410	0	0	0
381	550	0	0	256	0	0	0
381	552	0	0	255	0	0	0
382	352	0	0	411	0	0	0
383	352	0	0	413	0	0	0
384	354	0	0	413	0	0	0
384	353	0	0	414	0	0	0
385	355	0	0	414	0	0	0
388	357	0	0	418	0	0	0
389	359	0	0	418	0	0	0
389	358	0	0	419	0	0	0
390	361	0	0	420	0	0	0
390	360	0	0	421	0	0	0
391	390	0	0	392	0	0	0
393	363	0	0	424	0	0	0
394	364	0	0	425	0	0	0
396	395	0	0	397	0	0	0
398	552	0	0	257	0	0	0
399	370	0	0	429	0	0	0
400	370	0	0	431	0	0	0
404	405	0	0	403	0	0	0
408	378	0	0	439	0	0	0
410	380	0	0	441	0	0	0
411	382	0	0	441	0	0	0
412	382	0	0	443	0	0	0
413	412	0	0	414	0	0	0
413	383	0	0	444	0	0	0
416	415	0	0	417	0	0	0
416	386	0	0	447	0	0	0
417	416	0	0	418	0	0	0
418	417	0	0	419	0	0	0
418	389	0	0	448	0	0	0
421	390	0	0	451	0	0	0
423	392	0	0	453	0	0	0
424	394	0	0	453	0	0	0
425	394	0	0	455	0	0	0
426	425	0	0	427	0	0	0
427	426	0	0	428	0	0	0
428	427	0	0	429	0	0	0
428	397	0	0	458	0	0	0
429	399	0	0	458	0	0	0
430	566	0	0	271	0	0	0
430	571	0	0	270	0	0	0
431	400	0	0	461	0	0	0
432	402	0	0	461	0	0	0
433	432	0	0	434	0	0	0
435	580	0	0	271	0	0	0
438	437	0	0	439	0	0	0
439	409	0	0	468	0	0	0
440	454	0	0	436	0	0	0
441	411	0	0	470	0	0	0
441	410	0	0	471	0	0	0
443	442	0	0	444	0	0	0
443	412	0	0	473	0	0	0
448	447	0	0	449	0	0	0
450	479	-1	0	451	0	0	0
451	450	0	0	452	0	0	0
451	421	0	0	482	0	0	0
451	422	0	0	481	0	0	0
452	451	0	0	453	0	0	0
452	423	0	0	482	0	0	0
453	424	0	0	483	0	0	0
455	425	0	0	486	0	0	0
456	455	0	0	457	0	0	0
457	456	0	0	458	0	0	0
459	625	0	0	283	0	0	0
461	432	0	0	491	0	0	0
461	431	0	0	492	0	0	0
463	433	0	0	494	0	0	0
465	638	0	0	293	0	0	0
468	439	0	0	498	0	0	0
468	438	0	0	499	0	0	0
471	441	0	0	502	0	0	0
472	471	0	0	473	0	0	0
473	443	0	0	504	0	0	0
474	445	0	0	504	0	0	0
476	446	0	0	507	0	0	0
478	449	0	0	508	0	0	0
479	478	0	0	450	1	0	0
481	480	0	0	482	0	0	0
482	451	0	0	512	0	0	0
487	489	0	0	485	0	0	0
489	490	0	0	487	0	0	0
490	495	0	0	489	0	0	0
490	689	0	0	302	0	0	0
491	461	0	0	520	0	0	0
491	460	0	0	521	0	0	0
492	461	0	0	522	0	0	0
495	505	0	0	490	0	0	0
495	689	0	0	324	0	0	0
496	466	0	0	525	0	0	0
497	466	0	0	527	0	0	0
499	498	0	0	500	0	0	0
499	468	0	0	529	0	0	0
500	499	0	0	501	0	0	0
501	470	0	0	531	0	0	0
502	471	0	0	532	0	0	0
504	473	0	0	534	0	0	0
506	475	0	0	536	0	0	0
507	477	0	0	536	0	0	0
507	476	0	0	537	0	0	0
508	507	0	0	509	0	0	0
510	725	0	0	340	0	0	0
512	482	0	0	543	0	0	0
515	486	0	0	545	0	0	0
530	501	0	0	560	0	0	0
534	504	0	0	565	0	0	0
535	754	0	0	351	0	0	0
539	763	0	0	375	0	0	0
540	569	-1	0	541	0	0	0
542	511	0	0	572	0	0	0
543	512	0	0	573	0	0	0
545	544	0	0	546	0	0	0
545	514	0	0	575	0	0	0
547	516	0	0	577	0	0	0
548	547	0	0	549	0	0	0
548	517	0	0	578	0	0	0
550	764	0	0	381	0	0	0
552	776	0	0	381	0	0	0
554	524	0	0	583	0	0	0
556	525	0	0	586	0	0	0
559	772	0	0	404	0	0	0
560	530	0	0	589	0	0	0
561	560	0	0	562	0	0	0
562	532	0	0	591	0	0	0
564	563	0	0	565	0	0	0
565	534	0	0	595	0	0	0
566	772	0	0	430	0	0	0
566	771	0	0	405	0	0	0
571	580	0	0	566	0	0	0
573	543	0	0	604	0	0	0
575	574	0	0	576	0	0	0
575	545	0	0	606	0	0	0
576	575	0	0	577	0	0	0
576	546	0	0	607	0	0	0
577	576	0	0	578	0	0	0
577	548	0	0	607	0	0	0
578	577	0	0	579	0	0	0
578	548	0	0	609	0	0	0
579	549	0	0	610	0	0	0
580	769	0	0	435	0	0	0
583	554	0	0	613	0	0	0
585	769	0	0	440	0	0	0
586	556	0	0	617	0	0	0
588	558	0	0	619	0	0	0
589	588	0	0	590	0	0	0
590	589	0	0	591	0	0	0
595	565	0	0	626	0	0	0
596	603	0	0	585	0	0	0
598	597	0	0	599	0	0	0
598	568	0	0	629	0	0	0
599	598	0	0	570	1	0	0
599	540	1	0	629	0	0	0
602	572	0	0	631	0	0	0
603	625	0	0	596	0	0	0
603	767	0	0	459	0	0	0
605	604	0	0	606	0	0	0
606	605	0	0	607	0	0	0
606	575	0	0	636	0	0	0
607	576	0	0	637	0	0	0
609	608	0	0	610	0	0	0
610	609	0	0	611	0	0	0
612	582	0	0	641	0	0	0
613	612	0	0	614	0	0	0
614	613	0	0	615	0	0	0
615	584	0	0	645	0	0	0
618	588	0	0	647	0	0	0
620	619	0	0	621	0	0	0
621	620	0	0	622	0	0	0
621	590	0	0	651	0	0	0
622	621	0	0	623	0	0	0
622	591	0	0	652	0	0	0
623	622	0	0	624	0	0	0
624	594	0	0	653	0	0	0
625	765	0	0	459	0	0	0
628	765	0	0	465	0	0	0
629	598	0	0	659	0	0	0
631	630	0	0	632	0	0	0
632	631	0	0	633	0	0	0
632	602	0	0	663	0	0	0
635	634	0	0	636	0	0	0
638	642	0	0	628	0	0	0
641	612	0	0	671	0	0	0
642	644	0	0	638	0	0	0
643	613	0	0	674	0	0	0
644	658	0	0	642	0	0	0
646	617	0	0	676	0	0	0
646	616	0	0	677	0	0	0
647	618	0	0	677	0	0	0
648	647	0	0	649	0	0	0
648	619	0	0	678	0	0	0
650	621	0	0	680	0	0	0
650	620	0	0	681	0	0	0
651	650	0	0	652	0	0	0
653	623	0	0	684	0	0	0
654	653	0	0	655	0	0	0
655	654	0	0	656	0	0	0
656	655	0	0	657	0	0	0
658	682	0	0	644	0	0	0
658	760	0	0	487	0	0	0
664	634	0	0	693	0	0	0
666	636	0	0	695	0	0	0
666	635	0	0	696	0	0	0
668	667	0	0	669	0	0	0
670	639	0	0	700	0	0	0
671	641	0	0	700	0	0	0
671	640	0	0	701	0	0	0
675	674	0	0	676	0	0	0
678	677	0	0	679	0	0	0
678	647	0	0	708	0	0	0
678	648	0	0	707	0	0	0
679	678	0	0	680	0	0	0
681	651	0	0	710	0	0	0
682	689	0	0	658	0	0	0
682	759	0	0	489	0	0	0
685	654	0	0	715	0	0	0
686	656	0	0	715	0	0	0
687	657	0	0	716	0	0	0
689	759	0	0	495	0	0	0
689	758	0	0	490	0	0	0
690	661	0	0	720	0	0	0
692	691	0	0	693	0	0	0
692	662	0	0	723	0	0	0
697	696	0	0	698	0	0	0
698	697	0	0	699	0	0	0
698	668	0	0	729	0	0	0
698	669	0	0	728	0	0	0
699	698	0	0	700	0	0	0
700	671	0	0	730	0	0	0
701	671	0	0	732	0	0	0
702	673	0	0	732	0	0	0
704	675	0	0	734	0	0	0
706	676	0	0	737	0	0	0
707	678	0	0	737	0	0	0
710	680	0	0	741	0	0	0
712	683	0	0	742	0	0	0
715	686	0	0	745	0	0	0
715	685	0	0	746	0	0	0
716	715	0	0	717	0	0	0
716	687	0	0	746	0	0	0
717	716	0	0	718	0	0	0
719	721	0	0	709	0	0	0
721	724	0	0	719	0	0	0
723	692	0	0	753	0	0	0
725	753	0	0	510	0	0	0
727	726	0	0	728	0	0	0
728	727	0	0	729	0	0	0
729	698	0	0	759	0	0	0
730	700	0	0	759	0	0	0
731	740	0	0	725	0	0	0
731	751	0	0	510	0	0	0
732	701	0	0	762	0	0	0
734	733	0	0	735	0	0	0
736	706	0	0	765	0	0	0
736	705	0	0	766	0	0	0
737	736	0	0	738	0	0	0
737	707	0	0	766	0	0	0
738	737	0	0	739	0	0	0
738	707	0	0	768	0	0	0
742	711	0	0	772	0	0	0
744	714	0	0	773	0	0	0
745	714	0	0	775	0	0	0
746	745	0	0	747	0	0	0
746	716	0	0	775	0	0	0
748	717	0	0	764	0	0	0
749	748	0	0	720	1	0	0
751	750	0	0	752	0	0	0
752	751	0	0	753	0	0	0
754	750	0	0	368	-1	0	0
755	726	0	0	724	0	0	0
756	755	0	0	757	0	0	0
757	756	0	0	758	0	0	0
757	727	0	0	709	0	0	0
758	757	0	0	759	0	0	0
759	758	0	0	760	0	0	0
759	729	0	0	682	0	0	0
759	730	0	0	689	0	0	0
762	733	0	0	644	0	0	0
762	732	0	0	642	0	0	0
765	736	0	0	628	0	0	0
765	735	0	0	625	0	0	0
766	737	0	0	625	0	0	0
766	736	0	0	603	0	0	0
767	766	0	0	768	0	0	0
767	738	0	0	603	0	0	0
768	767	0	0	769	0	0	0
769	768	0	0	770	0	0	0
770	769	0	0	771	0	0	0
771	770	0	0	772	0	0	0
772	771	0	0	773	0	0	0
772	742	0	0	559	0	0	0
772	743	0	0	566	0	0	0
773	772	0	0	774	0	0	0
774	773	0	0	775	0	0	0
776	747	0	0	553	0	0	0
366	241	1	31
226	3	32
6	7	8	9	10
325	208	8	38	69	99	130	160
487	301	206	10	39	69	98	128
204	11	40
206	11	41	72	102
177	12	41	71
301	204	12	42
177	13	43	74	104	135
484	300	173	15	45
16	17	18	19
144	17	47
138	20	49	79
68	25	55
54	26	55
403	259	58	26	56	87
255	36	27	56
36	29	22
242	29	28
30	31	32
4	33	63	92
33	34	35
5	35	66	96
37	38	39	40
9	39	70	100	131	161
13	42	72	101	131
14	43	73
15	44	74
44	45	46	47	48
16	46	77	107
49	50	51	52	53
20	50	81	111	142	172
23	52	82	111	141
0	59	89
61	62	63
32	63	93	124
34	64	93
33	64	94
74	75	76
44	75	105	136	166
77	78	79
48	78	107
50	80	109	139
80	81	82	83	84	85	86
51	81	110	140	169	199	228	258
52	83	113
57	87	116
119	90	91
92	93	94	95	96	97	98	99
67	97	128
100	101	102
107	108	109
79	109	140
267	112	24
113	114	115
86	116	147
116	117	118
89	119	120
120	121	122	123
95	125	154
95	126	156
126	127	128
98	129	159	190
100	130	159
130	131	132
133	134	135	136
104	134	163	193
105	135	164	194
283	144	16
115	145	174
146	147	148	149
119	149	178
123	152	182
127	156	186	215
127	157	188	218
157	158	159	160
132	161	191
133	162	192	221
132	162	193
163	164	165
166	167	168	169
146	175	205
204	177	176	173
148	178	209	239
209	180	181	182	183
151	182	212	243	273	304	334
153	184	214	245
154	185	215
187	188	189	190
158	189	219	250
160	190	219
194	195	196
197	198	199	200
201	202	203
172	202	231	261	290	320
220	208	207
582	612	641	671	700	730	759	689	495	324	208	7
210	211	212
185	214	244
214	215	216
188	217	247	276
505	325	220	6
330	222	5
237	226	225	222
197	227	258
200	230	261	291	322	352	383	413	444
203	233	264	294
234	235	236
209	238	268	297	327
213	243	272
243	244	245
213	244	274	305
246	247	248
216	247	277	308
249	250	251
252	253	254
776	552	381	255	29
230	260	289	319	348
261	262	263
231	262	292	323	353	384	414
234	265	295	326	356
236	266	295
239	269	298
238	269	299
769	580	435	271	137
274	275	276
248	277	307
249	278	308	337
248	278	309	339
251	280	310	339	369
253	282	312
285	286	287	288
289	290	291
260	290	321
638	465	293	170
311	302	301
273	303	332
306	307	308
490	311	207
312	313	314	315	316	317	318
282	313	343	374
285	316	346	377	407
286	316	345
287	317	346	376
288	318	347	377	406
288	319	349	380	410	441	471	502	532
319	320	321	322
296	326	355	385	414
326	327	328
338	330	325
303	333	364	394	425	455	486
333	334	335	336
306	335	365
306	336	367
315	344	374
344	345	346
315	345	376
348	349	350
754	535	351	240
352	353	354
355	356	357
328	358	389	419
329	359	360	390	421	451	482	512	543	573	604
331	361	390	420
332	363	393	424
535	366	22
341	371	400
341	372	402
550	375	242
376	377	378
347	378	408	439
764	550	381	256
352	382	411	441	470
354	384	413
357	388	418
359	389	418	448
390	391	392
395	396	397
552	398	257
370	399	429	458
370	400	431	461	492	522
405	404	403
382	412	443	473	504	534	565	595	626
412	413	414
415	416	417	418	419
386	416	447
392	423	453
394	424	453	483
425	426	427	428	429
397	428	458
743	772	566	430	271
571	430	270
402	432	461	491	520
432	433	434
437	438	439
409	439	468	498
454	440	436
442	443	444
447	448	449
478	479	450	451	452	453
422	451	481
423	452	482
455	456	457	458
735	765	625	459	283
433	463	494
438	468	499	529
471	472	473
445	474	504
446	476	507	537
449	478	508
480	481	482
505	495	490	489	487	485
758	689	490	302
460	491	521
466	496	525
466	497	527
498	499	500	501
470	501	531
475	506	536
477	507	536
507	508	509
753	725	510	340
486	515	545
501	530	560	589
763	539	375
569	540	541
511	542	572
544	545	546
514	545	575	606	636
516	547	577
547	548	549
517	548	578	609
524	554	583	613
525	556	586	617
711	742	772	559	404
560	561	562
532	562	591
563	564	565
771	566	405
580	571	566
574	575	576	577	578	579
546	576	607	637
548	577	607
549	579	610
769	585	440
558	588	619
588	589	590	591
625	603	596	585
597	598	599	570
568	598	629	659
540	599	629
572	602	631
738	767	603	459
604	605	606	607
608	609	610	611
612	613	614	615
584	615	645
588	618	647	677
619	620	621	622	623	624
590	621	651
591	622	652
594	624	653
706	736	765	628	465
630	631	632	633
602	632	663
634	635	636
689	682	658	644	642	638	628
613	643	674
617	646	676
616	646	677
647	648	649
619	648	678	707	737	766	625
621	650	680
620	650	681
650	651	652
623	653	684
653	654	655	656	657
760	658	487
634	664	693
636	666	695
635	666	696
667	668	669
639	670	700
640	671	701	732	762	642
674	675	676
677	678	679	680
647	678	708
651	681	710
668	698	729	759	682	489
654	685	715	746
656	686	715	745
657	687	716	746	775
661	690	720
691	692	693
662	692	723	753
696	697	698	699	700
669	698	728
673	702	732
675	704	734
676	706	737
680	710	741
683	712	742
715	716	717	718
724	721	719	709
726	727	728	729
740	731	725
751	731	510
733	734	735
705	736	766	603
736	737	738	739
707	738	768
714	744	773
714	745	775
745	746	747
717	748	764
748	749	720
750	751	752	753
750	754	368
726	755	724
755	756	757	758	759	760
727	757	709
733	762	644
766	767	768	769	770	771	772	773	774	775
747	776	553
